data/output/elevation_zonal max.txt
ncols         180
nrows         180
xllcorner     0.0
yllcorner     0.0
cellsize      20.0
NODATA_value  -9999.0
[rows 0 to 25 of 180, columns 0 to 58 of 180]
955.548 954.6336000000001 951.8904 949.1472000000001 946.404 944.5752 942.7464 941.8320000000001 941.8320000000001 940.9176 940.0032000000001 940.0032000000001 939.546 939.546 940.0032000000001 940.9176 0.0 0.0 0.0 313.5782 313.4868 313.3344 939.0888 936.3456000000001 933.6024 929.9448 927.2016000000001 924.4584 919.8864000000001 915.3144 908.9136000000001 903.4272000000001 897.9408000000001 892.4544000000001 887.8824 883.3104000000001 880.5672 876.9096 873.252 868.6800000000001 865.0224000000001 861.3648000000001 859.5360000000001 856.7927999999999 855.8784 854.9639999999999 854.0496 854.9639999999999 855.8784 856.7927999999999 857.7072000000001 859.5360000000001 860.4504 860.4504 859.5360000000001 858.6216 855.8784 853.1351999999999 849.4775999999999
956.4624000000001 955.548 952.8048000000001 949.1472000000001 946.404 944.5752 943.6608000000001 941.8320000000001 940.9176 940.9176 940.0032000000001 939.0888 939.0888 939.0888 940.0032000000001 940.9176 0.0 0.0 313.6392 313.4868 313.4868 313.3344 313.3344 312.42 311.2008 930.8592000000001 928.116 924.4584 920.8008 916.2288000000001 909.828 904.3416 898.8552 893.3688 887.8824 884.2248 880.5672 876.9096 873.252 868.6800000000001 865.0224000000001 862.2792 859.5360000000001 857.7072000000001 855.8784 855.4212 854.5068 854.9639999999999 855.8784 856.7927999999999 858.6216 859.5360000000001 860.4504 860.4504 860.4504 859.5360000000001 856.7927999999999 853.1351999999999 849.4775999999999
959.2056 958.2912000000001 955.548 951.8904 948.2328 945.4896000000001 943.6608000000001 941.8320000000001 940.9176 940.0032000000001 938.1744000000001 938.1744000000001 937.26 937.26 938.1744000000001 939.0888 0.0 313.3344 313.3344 313.4868 313.6392 313.6392 313.6392 313.0296 311.8104 310.896 310.2864 928.116 925.3728000000001 919.8864000000001 913.4856 907.9992 901.5984000000001 896.1120000000001 890.6256000000001 886.0536 882.396 877.8240000000001 874.1664000000001 869.5944 865.9368 863.1936000000001 860.4504 857.7072000000001 856.7927999999999 855.8784 854.9639999999999 855.8784 856.7927999999999 857.7072000000001 858.6216 859.5360000000001 860.4504 861.3648000000001 860.4504 860.4504 857.7072000000001 854.0496 850.392
962.8632 961.9488000000001 958.2912000000001 954.6336000000001 950.9760000000001 947.3184000000001 944.5752 941.8320000000001 940.0032000000001 938.1744000000001 937.26 936.3456000000001 935.4312 935.4312 935.4312 936.3456000000001 0.0 313.0296 313.3344 313.6392 313.944 314.2488 314.2488 313.6392 312.7248 312.1152 311.5056 310.896 309.9816 924.4584 918.972 912.5712000000001 906.1704 899.7696000000001 893.3688 888.7968000000001 884.2248 879.6528000000001 875.0808 871.4232 867.7656 864.108 861.3648000000001 858.6216 857.7072000000001 856.7927999999999 855.8784 856.7927999999999 857.7072000000001 858.6216 859.5360000000001 860.4504 861.3648000000001 861.3648000000001 862.2792 861.3648000000001 858.6216 855.8784 852.2208
967.4352000000001 966.5208 962.8632 958.2912000000001 953.7192 950.0616 946.404 942.7464 940.0032000000001 938.1744000000001 936.3456000000001 934.5168000000001 933.6024 933.6024 933.6024 934.5168000000001 311.8104 312.42 313.0296 313.6392 313.944 314.5536 314.8584 314.2488 313.6392 313.0296 312.42 312.1152 311.2008 309.372 922.6296 916.2288000000001 909.828 902.5128 896.1120000000001 890.6256000000001 886.0536 880.5672 876.9096 872.3376000000001 868.6800000000001 865.0224000000001 862.2792 859.5360000000001 858.6216 857.7072000000001 856.7927999999999 857.7072000000001 857.7072000000001 858.6216 859.5360000000001 860.4504 861.3648000000001 862.2792 862.2792 862.2792 859.5360000000001 856.7927999999999 853.1351999999999
972.9216000000001 972.0072 968.3496 962.8632 958.2912000000001 953.7192 949.1472000000001 945.4896000000001 941.8320000000001 939.0888 936.3456000000001 934.5168000000001 932.6880000000001 931.7736 932.6880000000001 932.6880000000001 311.2008 311.8104 312.42 313.0296 313.6392 314.2488 314.5536 314.2488 313.6392 313.3344 312.7248 312.42 311.5056 309.9816 308.1528 918.972 912.5712000000001 905.2560000000001 898.8552 892.4544000000001 886.9680000000001 881.4816000000001 877.8240000000001 873.252 868.6800000000001 865.9368 863.1936000000001 860.4504 858.6216 857.7072000000001 856.7927999999999 856.7927999999999 857.7072000000001 857.7072000000001 858.6216 859.5360000000001 859.5360000000001 860.4504 861.3648000000001 861.3648000000001 858.6216 855.8784 852.2208
979.3224 978.4080000000001 973.836 969.2640000000001 963.7776000000001 958.2912000000001 952.8048000000001 948.2328 944.5752 940.9176 937.26 934.5168000000001 932.6880000000001 931.6821 931.6821 931.7736 310.896 311.2008 311.8104 312.1152 313.0296 313.6392 313.944 313.944 313.944 313.6392 313.0296 312.42 311.8104 310.2864 308.7624 306.9336 914.4000000000001 907.9992 900.684 895.1976 888.7968000000001 883.3104000000001 877.8240000000001 873.252 868.6800000000001 865.9368 863.1936000000001 861.3648000000001 859.5360000000001 857.7072000000001 856.7927999999999 855.8784 855.8784 856.7927999999999 856.7927999999999 856.7927999999999 857.7072000000001 858.6216 859.5360000000001 859.5360000000001 857.7072000000001 854.0496 851.3063999999999
985.7232000000001 983.8944000000001 980.2368000000001 974.7504000000001 969.2640000000001 962.8632 957.3768 951.8904 947.3184000000001 942.7464 939.0888 935.4312 932.6880000000001 931.7736 931.5906 931.4078999999999 931.7736 310.896 311.2008 311.5056 312.1152 313.0296 313.3344 313.6392 313.6392 313.6392 313.0296 312.7248 311.8104 310.5912 309.0672 307.5432 305.4096 909.828 903.4272000000001 897.0264 890.6256000000001 884.2248 879.6528000000001 874.1664000000001 869.5944 865.9368 864.108 861.3648000000001 859.5360000000001 857.7072000000001 855.8784 855.8784 854.9639999999999 854.9639999999999 854.9639999999999 854.9639999999999 854.9639999999999 855.8784 856.7927999999999 856.7927999999999 854.9639999999999 852.2208 849.4775999999999
991.2096000000001 989.3808000000001 985.7232000000001 980.2368000000001 973.836 968.3496 961.9488000000001 956.4624000000001 950.9760000000001 946.404 941.8320000000001 938.1744000000001 934.5168000000001 931.7736 931.4993999999999 931.2248999999999 931.0422 931.7736 310.5912 310.896 311.5056 312.1152 312.42 312.7248 312.7248 312.7248 312.42 312.1152 311.5056 310.5912 309.372 307.848 306.0192 911.6568 905.2560000000001 898.8552 892.4544000000001 886.0536 880.5672 875.9952000000001 870.5088000000001 867.7656 864.108 861.3648000000001 858.6216 856.7927999999999 855.8784 854.9639999999999 854.0496 853.1351999999999 853.1351999999999 852.2208 852.2208 852.2208 853.1351999999999 852.2208 850.392 848.5632 845.8199999999999
995.7816 994.8672000000001 990.2952 984.8088 979.3224 972.9216000000001 966.5208 961.0344 955.548 950.0616 945.4896000000001 940.9176 936.3456000000001 933.6024 932.6880000000001 931.7736 931.7736 930.8592000000001 929.9448 309.9816 310.5912 311.2008 311.5056 311.8104 311.8104 311.8104 311.8104 311.5056 311.2008 310.2864 309.372 308.1528 918.972 913.4856 907.0848000000001 900.684 894.2832000000001 887.8824 882.396 877.8240000000001 872.3376000000001 868.6800000000001 864.108 860.4504 858.6216 856.7927999999999 854.9639999999999 854.0496 853.1351999999999 852.2208 851.3063999999999 849.4775999999999 848.5632 848.5632 847.6487999999999 847.6487999999999 845.8199999999999 843.0768 840.3335999999999
1001.2679999999999 1000.3535999999999 995.7816 989.3808000000001 983.8944000000001 978.4080000000001 972.0072 965.6064000000001 960.1200000000001 954.6336000000001 949.1472000000001 943.6608000000001 940.0032000000001 935.4312 0.0 932.6880000000001 931.7736 930.8592000000001 929.9448 929.4876 309.8292 310.2864 310.5912 310.896 310.896 310.896 310.896 311.2008 310.896 310.2864 309.372 924.4584 919.8864000000001 915.3144 909.828 903.4272000000001 896.1120000000001 889.7112 884.2248 878.7384 874.1664000000001 869.5944 865.0224000000001 860.4504 858.6216 856.7927999999999 854.9639999999999 853.1351999999999 852.2208 850.392 849.4775999999999 847.6487999999999 845.8199999999999 844.9056 843.9911999999999 842.1623999999999 840.3335999999999 838.5047999999999 835.7616
1004.9255999999999 1004.0111999999999 1000.3535999999999 994.8672000000001 989.3808000000001 982.98 976.5792000000001 970.1784 964.692 959.2056 953.7192 948.2328 943.6608000000001 0.0 0.0 935.4312 934.5168000000001 931.7736 929.9448 929.0304000000001 309.6768 309.6768 309.9816 309.9816 309.9816 309.9816 310.2864 310.2864 310.2864 929.0304000000001 926.2872 923.5440000000001 920.8008 917.1432 912.5712000000001 905.2560000000001 897.9408000000001 890.6256000000001 885.1392000000001 880.5672 875.0808 870.5088000000001 865.9368 861.3648000000001 858.6216 856.7927999999999 854.9639999999999 853.1351999999999 851.3063999999999 849.4775999999999 847.6487999999999 845.8199999999999 843.9911999999999 842.1623999999999 840.3335999999999 838.5047999999999 836.6759999999999 833.9328 832.104
1009.4975999999999 1008.5831999999999 1004.0111999999999 999.4392 994.8672000000001 988.4664 981.1512 974.7504000000001 969.2640000000001 963.7776000000001 958.2912000000001 953.7192 948.2328 0.0 0.0 939.0888 936.3456000000001 934.5168000000001 931.7736 929.0304000000001 928.116 309.372 309.0672 309.0672 309.372 309.372 928.116 929.0304000000001 929.0304000000001 927.2016000000001 925.3728000000001 922.6296 920.8008 918.972 915.3144 907.9992 899.7696000000001 891.54 886.0536 881.4816000000001 876.9096 872.3376000000001 866.8512000000001 863.1936000000001 860.4504 857.7072000000001 854.9639999999999 853.1351999999999 851.3063999999999 849.4775999999999 846.7344 843.9911999999999 841.248 839.4192 836.6759999999999 834.8471999999999 833.0183999999999 831.1895999999999 829.3607999999999
1012.2407999999999 1011.3263999999999 1008.5831999999999 1004.0111999999999 999.4392 993.0384000000001 985.7232000000001 979.3224 973.836 968.3496 962.8632 958.2912000000001 952.8048000000001 0.0 0.0 0.0 939.0888 936.3456000000001 932.6880000000001 929.9448 928.116 927.2016000000001 926.2872 308.4576 308.4576 925.3728000000001 925.3728000000001 926.2872 926.2872 924.4584 922.6296 921.7152000000001 919.8864000000001 918.972 916.2288000000001 908.9136000000001 899.7696000000001 891.54 886.0536 881.4816000000001 876.9096 873.252 868.6800000000001 864.108 861.3648000000001 858.6216 855.8784 853.1351999999999 851.3063999999999 848.5632 845.8199999999999 843.0768 839.4192 836.6759999999999 833.9328 832.104 829.3607999999999 827.5319999999999 825.7031999999999
1013.1551999999999 1012.2407999999999 1009.4975999999999 1006.7543999999999 1003.0967999999999 996.6960000000001 990.2952 983.8944000000001 977.4936 972.0072 966.5208 961.9488000000001 957.3768 0.0 0.0 945.4896000000001 941.8320000000001 938.1744000000001 935.4312 931.7736 929.9448 928.116 926.2872 924.4584 307.848 922.6296 922.6296 922.6296 921.7152000000001 920.8008 918.972 917.1432 916.2288000000001 914.4000000000001 911.6568 904.3416 896.1120000000001 888.7968000000001 884.2248 880.5672 876.9096 873.252 868.6800000000001 865.0224000000001 862.2792 858.6216 855.8784 854.0496 851.3063999999999 848.5632 845.8199999999999 842.1623999999999 839.4192 835.7616 833.0183999999999 829.3607999999999 827.5319999999999 825.7031999999999 823.8743999999999
1013.1551999999999 1012.2407999999999 1011.3263999999999 1008.5831999999999 1005.8399999999999 1000.3535999999999 994.8672000000001 988.4664 982.0656000000001 975.6648 970.1784 965.6064000000001 961.0344 0.0 952.8048000000001 949.1472000000001 944.5752 940.9176 937.26 934.5168000000001 931.7736 929.0304000000001 926.2872 923.5440000000001 307.2384 919.8864000000001 918.972 918.0576000000001 917.1432 915.3144 914.4000000000001 912.5712000000001 910.7424000000001 907.9992 905.2560000000001 898.8552 890.6256000000001 884.2248 881.4816000000001 878.7384 875.9952000000001 872.3376000000001 869.5944 865.9368 863.1936000000001 859.5360000000001 856.7927999999999 854.0496 852.2208 849.4775999999999 845.8199999999999 843.0768 839.4192 835.7616 831.1895999999999 828.4464 825.7031999999999 823.8743999999999 822.96
1013.1551999999999 1013.1551999999999 1012.2407999999999 1011.3263999999999 1008.5831999999999 1004.0111999999999 998.5248000000001 993.0384000000001 986.6376 979.3224 973.836 969.2640000000001 965.6064000000001 0.0 957.3768 952.8048000000001 948.2328 944.5752 940.9176 937.26 933.6024 929.9448 927.2016000000001 924.4584 307.2384 306.324 916.2288000000001 914.4000000000001 913.4856 911.6568 909.828 908.9136000000001 906.1704 903.4272000000001 899.7696000000001 893.3688 886.9680000000001 881.4816000000001 878.7384 876.9096 875.0808 872.3376000000001 869.5944 866.8512000000001 863.1936000000001 860.4504 857.7072000000001 854.9639999999999 853.1351999999999 850.392 846.7344 843.0768 839.4192 834.8471999999999 831.1895999999999 826.6176 824.7888 822.96 821.1312
1014.0695999999999 1014.0695999999999 1013.1551999999999 1011.3263999999999 1009.4975999999999 1005.8399999999999 1001.2679999999999 995.7816 990.2952 983.8944000000001 978.4080000000001 974.7504000000001 971.0928000000001 967.4352000000001 962.8632 957.3768 952.8048000000001 949.1472000000001 944.5752 940.9176 937.26 933.6024 929.9448 927.2016000000001 923.5440000000001 306.6288 305.7144 305.1048 912.5712000000001 910.7424000000001 908.9136000000001 907.0848000000001 904.3416 900.684 897.0264 892.4544000000001 886.9680000000001 882.396 879.6528000000001 877.8240000000001 875.0808 872.3376000000001 869.5944 866.8512000000001 864.108 860.4504 857.7072000000001 854.9639999999999 853.1351999999999 850.392 846.7344 843.9911999999999 840.3335999999999 836.6759999999999 832.104 827.5319999999999 825.7031999999999 548.64 547.4208
1014.9839999999999 1014.0695999999999 1013.1551999999999 1012.2407999999999 1009.4975999999999 1006.7543999999999 1003.0967999999999 998.5248000000001 993.9528 988.4664 983.8944000000001 980.2368000000001 976.5792000000001 972.9216000000001 967.4352000000001 962.8632 958.2912000000001 953.7192 950.0616 946.404 941.8320000000001 938.1744000000001 934.5168000000001 930.8592000000001 926.2872 922.6296 306.6288 305.7144 304.8 303.8856 302.9712 906.1704 903.4272000000001 899.7696000000001 896.1120000000001 892.4544000000001 887.8824 884.2248 881.4816000000001 878.7384 875.9952000000001 872.3376000000001 869.5944 866.8512000000001 863.1936000000001 860.4504 857.7072000000001 854.9639999999999 852.2208 850.392 847.6487999999999 844.9056 841.248 837.5904 833.9328 552.9072 551.0784 549.2496 0.0
1015.8983999999999 1014.9839999999999 1014.0695999999999 1012.2407999999999 1010.4119999999999 1007.6687999999999 1004.9255999999999 1001.2679999999999 996.6960000000001 993.0384000000001 988.4664 984.8088 981.1512 977.4936 972.9216000000001 967.4352000000001 962.8632 958.2912000000001 954.6336000000001 950.9760000000001 946.404 942.7464 938.1744000000001 934.5168000000001 929.9448 926.2872 922.6296 306.324 305.4096 304.4952 303.276 302.3616 301.1424 299.9232 896.1120000000001 893.3688 889.7112 886.9680000000001 883.3104000000001 879.6528000000001 876.9096 873.252 870.5088000000001 867.7656 864.108 860.4504 857.7072000000001 854.9639999999999 853.1351999999999 850.392 847.6487999999999 844.9056 842.1623999999999 838.5047999999999 556.5648 554.1264 551.688 0.0 0.0
1016.8127999999999 1016.8127999999999 1014.9839999999999 1013.1551999999999 1010.4119999999999 1007.6687999999999 1004.9255999999999 1002.1823999999999 998.5248000000001 994.8672000000001 991.2096000000001 987.5520000000001 983.8944000000001 980.2368000000001 976.5792000000001 971.0928000000001 966.5208 962.8632 959.2056 955.548 950.9760000000001 947.3184000000001 943.6608000000001 939.0888 934.5168000000001 929.9448 927.2016000000001 923.5440000000001 306.9336 305.7144 304.4952 303.276 302.0568 300.8376 299.9232 298.704 297.7896 890.6256000000001 886.9680000000001 883.3104000000001 879.6528000000001 875.9952000000001 873.252 869.5944 865.9368 862.2792 858.6216 855.8784 853.1351999999999 850.392 847.6487999999999 844.9056 842.1623999999999 559.0032 557.1744 554.736 552.2976 0.0 0.0
1019.5559999999999 1018.6415999999999 1016.8127999999999 1014.0695999999999 1011.3263999999999 1008.5831999999999 1005.8399999999999 1003.0967999999999 1000.3535999999999 996.6960000000001 993.0384000000001 0.0 986.6376 982.98 979.3224 974.7504000000001 971.0928000000001 967.4352000000001 962.8632 959.2056 955.548 951.8904 948.2328 943.6608000000001 939.0888 934.5168000000001 931.7736 929.0304000000001 308.7624 307.2384 306.0192 304.4952 303.276 302.0568 301.1424 300.228 299.3136 298.0944 296.8752 295.656 882.396 879.6528000000001 875.9952000000001 872.3376000000001 867.7656 864.108 860.4504 856.7927999999999 854.0496 851.3063999999999 847.6487999999999 844.9056 561.4416 559.0032 557.1744 554.736 552.2976 0.0 0.0
1021.3847999999999 1021.3847999999999 1018.6415999999999 1014.9839999999999 1011.3263999999999 1009.4975999999999 1006.7543999999999 1004.0111999999999 1001.2679999999999 998.5248000000001 995.7816 0.0 989.3808000000001 985.7232000000001 982.0656000000001 978.4080000000001 974.7504000000001 971.0928000000001 967.4352000000001 963.7776000000001 960.1200000000001 957.3768 953.7192 949.1472000000001 943.6608000000001 939.0888 937.26 311.5056 310.5912 309.372 307.848 306.324 305.1048 303.8856 302.6664 301.752 300.8376 299.6184 298.3992 296.8752 295.656 294.4368 879.6528000000001 875.0808 871.4232 866.8512000000001 862.2792 858.6216 854.9639999999999 852.2208 848.5632 563.2704 561.4416 559.6128 557.1744 555.3456 0.0 0.0 0.0
1025.0423999999998 1024.128 1020.4703999999999 1016.8127999999999 1013.1551999999999 1010.4119999999999 1007.6687999999999 1004.9255999999999 1002.1823999999999 999.4392 0.0 993.9528 991.2096000000001 987.5520000000001 984.8088 981.1512 977.4936 974.7504000000001 971.0928000000001 968.3496 965.6064000000001 962.8632 959.2056 955.548 950.0616 946.404 314.8584 314.2488 313.6392 312.42 310.5912 309.0672 307.848 306.6288 305.4096 304.4952 303.276 302.0568 300.5328 298.704 297.18 295.9608 294.7416 880.5672 875.9952000000001 871.4232 866.8512000000001 862.2792 858.6216 854.9639999999999 851.3063999999999 565.0992 562.6608 560.832 559.0032 556.5648 0.0 0.0 0.0
685.1904 1026.8712 1024.128 1019.5559999999999 1014.9839999999999 1012.2407999999999 1009.4975999999999 1006.7543999999999 1004.0111999999999 1001.2679999999999 0.0 995.7816 993.0384000000001 990.2952 986.6376 983.8944000000001 981.1512 978.4080000000001 974.7504000000001 972.9216000000001 970.1784 968.3496 965.6064000000001 961.9488000000001 957.3768 953.7192 317.6016 317.6016 316.992 315.7728 313.944 312.42 311.2008 309.9816 308.7624 307.2384 306.0192 304.4952 302.6664 300.8376 299.0088 297.7896 296.8752 295.656 881.4816000000001 876.9096 871.4232 866.8512000000001 863.1936000000001 858.6216 854.9639999999999 566.928 564.4896 562.6608 560.2224 557.784 0.0 0.0 0.0
687.6288 1029.6144 1025.9568 1021.3847999999999 1016.8127999999999 1014.0695999999999 1010.4119999999999 1007.6687999999999 1004.9255999999999 1002.1823999999999 0.0 0.0 994.8672000000001 992.124 989.3808000000001 986.6376 983.8944000000001 981.1512 979.3224 976.5792000000001 974.7504000000001 973.836 972.0072 968.3496 964.692 320.6496 320.3448 320.04 319.7352 318.516 316.992 315.468 313.944 312.7248 311.5056 309.9816 308.4576 306.9336 305.1048 302.9712 301.1424 299.9232 298.704 297.4848 295.9608 881.4816000000001 876.9096 871.4232 866.8512000000001 862.2792 858.6216 854.0496 566.3184 563.88 562.0512 559.6128 0.0 0.0 0.0
