data/output/elevation_zonal max.txt
ncols         180
nrows         180
xllcorner     0.0
yllcorner     0.0
cellsize      20.0
NODATA_value  -9999.0
[rows 26 to 51 of 180, columns 0 to 58 of 180]
688.2384 687.6288 1027.7856 1022.2991999999999 1018.6415999999999 1014.9839999999999 1012.2407999999999 1009.4975999999999 1006.7543999999999 0.0 0.0 0.0 0.0 993.9528 992.124 989.3808000000001 987.5520000000001 985.7232000000001 983.8944000000001 982.0656000000001 980.2368000000001 979.3224 977.4936 974.7504000000001 972.0072 323.088 322.4784 321.8688 321.2592 320.04 318.516 316.992 316.0776 314.8584 313.6392 0.0 0.0 308.7624 307.2384 305.4096 303.5808 302.3616 300.8376 299.6184 297.7896 295.656 881.4816000000001 876.9096 871.4232 866.8512000000001 862.2792 857.7072000000001 853.1351999999999 849.4775999999999 563.88 561.4416 557.784 0.0 0.0
688.848 688.2384 685.8 1024.128 1019.5559999999999 1016.8127999999999 1014.0695999999999 1012.2407999999999 1009.4975999999999 0.0 0.0 0.0 0.0 0.0 0.0 993.0384000000001 991.2096000000001 989.3808000000001 988.4664 986.6376 985.7232000000001 984.8088 983.8944000000001 982.0656000000001 979.3224 325.5264 324.3072 323.088 322.1736 320.6496 319.4304 318.2112 317.6016 0.0 0.0 0.0 0.0 0.0 309.372 307.848 306.324 304.8 302.9712 301.4472 299.6184 297.4848 295.656 293.8272 292.3032 290.4744 866.8512000000001 861.3648000000001 856.7927999999999 853.1351999999999 849.4775999999999 845.8199999999999 840.3335999999999 833.9328 828.4464
689.4576 688.848 686.4096 683.3616 1021.3847999999999 1018.6415999999999 1015.8983999999999 1014.0695999999999 1011.3263999999999 0.0 0.0 0.0 0.0 0.0 0.0 0.0 0.0 993.9528 993.9528 993.9528 993.9528 993.0384000000001 993.9528 994.8672000000001 996.6960000000001 329.184 328.2696 325.2216 323.088 321.8688 320.6496 0.0 0.0 0.0 0.0 0.0 0.0 0.0 0.0 309.9816 308.4576 306.9336 305.1048 303.276 301.1424 299.3136 297.4848 295.656 293.8272 291.9984 290.1696 288.6456 861.3648000000001 857.7072000000001 854.0496 849.4775999999999 843.9911999999999 837.5904 832.104
689.4576 688.848 686.4096 683.9712 1022.2991999999999 1019.5559999999999 1017.7271999999999 1015.8983999999999 0.0 0.0 1006.7543999999999 1004.9255999999999 1004.0111999999999 1003.0967999999999 1002.1823999999999 1001.2679999999999 1000.3535999999999 1002.1823999999999 1004.0111999999999 1006.7543999999999 1008.5831999999999 1009.4975999999999 1011.3263999999999 1014.9839999999999 1015.8983999999999 1004.9255999999999 333.1464 328.8792 324.9168 323.088 321.8688 320.6496 319.7352 319.1256 318.2112 316.6872 315.1632 313.6392 312.42 311.2008 309.6768 308.1528 306.6288 304.8 302.9712 301.1424 299.3136 297.18 295.3512 293.2176 291.6936 290.1696 866.8512000000001 862.2792 858.6216 854.9639999999999 849.4775999999999 843.0768 837.5904
688.848 688.848 686.4096 1026.8712 1023.2135999999999 1021.3847999999999 1019.5559999999999 1017.7271999999999 0.0 1011.3263999999999 1008.5831999999999 1007.6687999999999 1006.7543999999999 1006.7543999999999 1006.7543999999999 1006.7543999999999 1007.6687999999999 1011.3263999999999 1015.8983999999999 1020.4703999999999 1025.0423999999998 1028.6999999999998 1032.3575999999998 1030.5288 1027.7856 1015.8983999999999 338.328 332.8416 327.0504 324.612 323.3928 321.8688 320.9544 319.7352 318.8208 317.6016 316.0776 314.5536 313.3344 312.1152 310.5912 309.372 307.848 306.324 304.4952 302.9712 301.1424 299.0088 296.5704 294.7416 293.2176 291.9984 290.7792 868.6800000000001 864.108 860.4504 854.9639999999999 849.4775999999999 843.0768
0.0 1032.3575999999998 1029.6144 1026.8712 1024.128 1022.2991999999999 1020.4703999999999 0.0 1015.8983999999999 1012.2407999999999 1009.4975999999999 1009.4975999999999 1009.4975999999999 1010.4119999999999 1010.4119999999999 1011.3263999999999 1013.1551999999999 1018.6415999999999 1025.9568 1033.272 1038.7584 1044.2448 1046.9879999999998 1037.844 1031.4432 1024.128 1024.128 336.1944 329.184 325.8312 324.3072 323.088 321.564 320.3448 319.1256 317.9064 316.6872 315.468 314.2488 312.7248 311.2008 309.9816 308.7624 307.5432 306.0192 304.4952 302.6664 300.5328 298.0944 295.9608 294.7416 293.8272 292.608 874.1664000000001 870.5088000000001 865.9368 860.4504 854.9639999999999 849.4775999999999
0.0 0.0 1029.6144 1026.8712 1024.128 1022.2991999999999 1021.3847999999999 1019.5559999999999 1016.8127999999999 1013.1551999999999 1010.4119999999999 1011.3263999999999 1011.3263999999999 1012.2407999999999 1014.0695999999999 1014.9839999999999 1017.7271999999999 1024.128 1032.3575999999998 1039.6727999999998 1044.2448 1048.8168 1050.6455999999998 1044.2448 1037.844 1028.6999999999998 1024.128 336.804 329.7936 326.4408 324.9168 323.3928 321.8688 320.6496 319.1256 317.9064 316.6872 315.468 313.944 312.7248 311.2008 310.2864 309.372 308.4576 307.2384 306.0192 304.1904 302.0568 299.9232 297.7896 296.5704 295.656 294.4368 293.2176 875.9952000000001 871.4232 865.9368 859.5360000000001 854.0496
0.0 0.0 0.0 1025.9568 1024.128 1022.2991999999999 1021.3847999999999 1019.5559999999999 1016.8127999999999 1014.0695999999999 1012.2407999999999 1012.2407999999999 1014.0695999999999 1014.9839999999999 1015.8983999999999 1017.7271999999999 1021.3847999999999 1027.7856 1036.9296 1044.2448 1046.9879999999998 1049.7312 1051.56 1050.6455999999998 1042.416 1037.844 1023.2135999999999 1009.4975999999999 330.0984 327.0504 325.2216 323.3928 321.8688 320.3448 318.8208 317.6016 316.3824 315.1632 313.944 312.1152 310.896 310.2864 309.6768 309.0672 308.1528 307.2384 306.0192 303.8856 301.4472 299.6184 298.3992 297.4848 296.2656 295.0464 880.5672 876.9096 870.5088000000001 865.0224000000001 858.6216
0.0 0.0 0.0 0.0 1024.128 1022.2991999999999 1020.4703999999999 1019.5559999999999 1016.8127999999999 1014.9839999999999 1013.1551999999999 1014.0695999999999 1014.9839999999999 1016.8127999999999 1018.6415999999999 1020.4703999999999 1024.128 1031.4432 1040.5872 1047.9024 1049.7312 1049.7312 1051.1028 1050.6455999999998 1046.9879999999998 1042.416 1022.2991999999999 1009.4975999999999 992.124 327.66 325.5264 323.6976 321.8688 320.3448 318.516 317.2968 316.3824 315.1632 313.6392 312.1152 310.5912 310.2864 309.9816 309.6768 309.0672 308.1528 307.2384 305.4096 303.276 301.1424 300.228 299.0088 298.0944 296.8752 295.3512 881.4816000000001 875.9952000000001 869.5944 864.108
0.0 0.0 0.0 0.0 0.0 1020.4703999999999 1019.5559999999999 1017.7271999999999 1014.9839999999999 1013.1551999999999 1012.2407999999999 1013.1551999999999 1014.9839999999999 1015.8983999999999 1018.6415999999999 1021.3847999999999 1025.0423999999998 1032.3575999999998 1041.5016 1048.8168 1050.6455999999998 1050.6455999999998 1050.8286 1050.1884 1049.7312 1042.416 1021.3847999999999 1011.3263999999999 994.8672000000001 985.7232000000001 326.136 324.0024 321.8688 320.04 318.2112 316.992 316.0776 314.8584 313.6392 312.1152 310.896 310.2864 310.2864 309.9816 309.372 308.7624 307.848 306.324 304.4952 302.9712 301.752 300.8376 299.9232 298.704 297.18 295.656 881.4816000000001 875.9952000000001 870.5088000000001
0.0 0.0 0.0 0.0 0.0 0.0 1016.8127999999999 1014.9839999999999 1013.1551999999999 1011.3263999999999 1010.4119999999999 1011.3263999999999 1014.0695999999999 1015.8983999999999 1018.6415999999999 1021.3847999999999 1025.0423999999998 1032.3575999999998 1041.5016 1048.8168 1050.6455999999998 1050.6455999999998 1050.6455999999998 1050.6455999999998 1047.9024 1037.844 1020.4703999999999 1014.0695999999999 998.5248000000001 988.4664 326.7456 324.3072 321.8688 319.7352 317.6016 316.6872 315.7728 314.5536 313.3344 312.1152 311.2008 310.896 310.5912 310.5912 309.9816 309.0672 308.1528 306.9336 305.4096 304.1904 303.5808 302.6664 301.752 300.5328 299.0088 297.4848 295.9608 294.132 292.608
0.0 0.0 0.0 0.0 0.0 0.0 0.0 1013.1551999999999 1011.3263999999999 1009.4975999999999 1008.5831999999999 1009.4975999999999 1012.2407999999999 1014.0695999999999 1016.8127999999999 1019.5559999999999 1024.128 1031.4432 1039.6727999999998 1046.0736 1048.8168 1048.8168 1048.8168 1046.9879999999998 1043.3303999999998 1036.0151999999998 1019.5559999999999 1015.8983999999999 1000.3535999999999 990.2952 327.3552 324.3072 321.8688 319.4304 317.2968 316.0776 315.468 314.5536 313.3344 312.1152 311.2008 311.2008 311.2008 310.896 310.2864 309.372 308.4576 307.5432 306.6288 305.7144 305.1048 304.4952 303.8856 302.6664 301.1424 299.6184 298.0944 296.5704 295.0464
0.0 0.0 0.0 0.0 0.0 0.0 0.0 1010.4119999999999 1008.5831999999999 1006.7543999999999 1005.8399999999999 1006.7543999999999 1008.5831999999999 1010.4119999999999 1013.1551999999999 1014.9839999999999 1019.5559999999999 1025.0423999999998 1032.3575999999998 1037.844 1039.6727999999998 1040.5872 1040.5872 1040.5872 1039.6727999999998 1027.7856 1018.6415999999999 1012.2407999999999 999.4392 330.0984 327.3552 324.612 321.8688 319.4304 316.992 315.7728 315.1632 314.2488 313.3344 312.1152 311.5056 311.3532 311.2008 311.2008 310.5912 309.9816 309.372 308.7624 307.848 307.5432 306.9336 306.6288 306.0192 304.8 303.5808 302.0568 300.8376 299.9232 298.704
0.0 0.0 0.0 0.0 0.0 0.0 0.0 0.0 1005.8399999999999 1004.0111999999999 1003.0967999999999 1003.0967999999999 1004.9255999999999 1005.8399999999999 1008.5831999999999 1010.4119999999999 1013.1551999999999 1017.7271999999999 1022.2991999999999 1026.8712 1028.6999999999998 1029.6144 1030.5288 1030.5288 1028.6999999999998 1025.9568 1017.7271999999999 1007.6687999999999 997.6104 329.7936 327.3552 324.612 321.8688 319.1256 316.6872 315.7728 314.8584 313.944 313.0296 312.1152 311.8104 311.5056 311.3532 311.2008 310.896 310.5912 309.9816 309.6768 309.372 309.0672 308.7624 308.7624 308.4576 307.2384 306.324 305.1048 304.1904 303.276 302.3616
0.0 0.0 0.0 0.0 0.0 0.0 0.0 0.0 0.0 1001.2679999999999 1000.3535999999999 1000.3535999999999 1001.2679999999999 1002.1823999999999 1003.0967999999999 1005.8399999999999 1007.6687999999999 1010.4119999999999 1014.0695999999999 1016.8127999999999 1018.6415999999999 1019.5559999999999 1020.4703999999999 1020.4703999999999 1018.6415999999999 1015.8983999999999 1009.4975999999999 1002.1823999999999 994.8672000000001 987.5520000000001 327.0504 324.612 322.1736 319.1256 316.6872 315.468 314.8584 313.944 313.0296 312.1152 311.658 311.597 311.5361 311.5056 311.2008 310.896 310.896 310.5912 310.5912 310.5912 310.5912 310.5912 310.2864 309.6768 308.7624 307.848 307.2384 306.6288 305.7144
0.0 0.0 0.0 0.0 0.0 0.0 0.0 0.0 0.0 999.4392 998.5248000000001 997.6104 997.6104 998.5248000000001 999.4392 1000.3535999999999 1002.1823999999999 1004.0111999999999 1005.8399999999999 1008.5831999999999 1009.4975999999999 1011.3263999999999 1012.2407999999999 1011.3263999999999 1010.4119999999999 1008.5831999999999 1003.0967999999999 997.6104 992.124 985.7232000000001 326.7456 324.612 322.1736 319.7352 317.2968 316.0776 315.1632 314.2488 313.0296 312.1152 311.658 311.597 311.4751 311.4446 311.3532 311.5056 311.5056 311.5056 311.8104 311.8104 311.8104 311.8104 311.8104 311.2008 310.5912 309.9816 309.372 309.0672 308.4576
0.0 0.0 0.0 0.0 0.0 0.0 0.0 0.0 999.4392 997.6104 996.6960000000001 995.7816 994.8672000000001 994.8672000000001 994.8672000000001 995.7816 996.6960000000001 997.6104 999.4392 1000.3535999999999 1002.1823999999999 1003.0967999999999 1004.0111999999999 1003.0967999999999 1002.1823999999999 1000.3535999999999 997.6104 993.0384000000001 989.3808000000001 983.8944000000001 978.4080000000001 324.3072 322.4784 320.3448 318.2112 316.992 315.7728 314.5536 313.3344 312.42 311.8104 311.5056 934.5168000000001 934.4253 934.5168000000001 935.4312 935.4312 937.26 312.7248 313.0296 313.0296 313.0296 312.7248 312.42 312.1152 311.8104 311.5056 933.6024 932.6880000000001
0.0 0.0 0.0 0.0 0.0 0.0 0.0 999.4392 997.6104 995.7816 994.8672000000001 993.9528 992.124 991.2096000000001 991.2096000000001 991.2096000000001 991.2096000000001 992.124 993.0384000000001 993.9528 993.9528 994.8672000000001 995.7816 994.8672000000001 993.9528 993.0384000000001 991.2096000000001 988.4664 984.8088 981.1512 976.5792000000001 972.0072 966.5208 320.3448 318.516 317.2968 315.7728 314.5536 940.0032000000001 937.26 935.4312 934.5168000000001 934.5168000000001 934.5168000000001 935.4312 936.3456000000001 937.26 939.0888 940.9176 941.8320000000001 941.8320000000001 313.944 313.6392 313.6392 940.0032000000001 940.0032000000001 940.0032000000001 940.0032000000001 939.0888
0.0 0.0 0.0 0.0 0.0 0.0 0.0 996.6960000000001 995.7816 993.9528 992.124 991.2096000000001 989.3808000000001 988.4664 987.5520000000001 987.5520000000001 986.6376 986.6376 986.6376 987.5520000000001 987.5520000000001 987.5520000000001 987.5520000000001 986.6376 985.7232000000001 984.8088 982.0656000000001 980.2368000000001 977.4936 973.836 970.1784 966.5208 961.9488000000001 957.3768 952.8048000000001 948.2328 944.5752 940.9176 938.1744000000001 935.4312 933.6024 933.6024 933.6024 933.6024 934.5168000000001 936.3456000000001 938.1744000000001 940.0032000000001 941.8320000000001 943.6608000000001 943.6608000000001 943.6608000000001 942.7464 943.6608000000001 943.6608000000001 944.5752 944.5752 944.5752 943.6608000000001
0.0 0.0 0.0 0.0 0.0 0.0 0.0 0.0 993.0384000000001 991.2096000000001 990.2952 988.4664 986.6376 984.8088 983.8944000000001 983.8944000000001 982.98 982.0656000000001 981.1512 981.1512 980.2368000000001 980.2368000000001 979.3224 978.4080000000001 976.5792000000001 975.6648 973.836 971.0928000000001 968.3496 965.6064000000001 962.8632 959.2056 955.548 951.8904 948.2328 944.5752 940.9176 937.26 934.5168000000001 932.6880000000001 931.7736 931.7736 931.7736 932.6880000000001 934.5168000000001 936.3456000000001 938.1744000000001 940.0032000000001 941.8320000000001 943.6608000000001 944.5752 944.5752 945.4896000000001 945.4896000000001 946.404 947.3184000000001 948.2328 948.2328 948.2328
0.0 0.0 0.0 0.0 0.0 0.0 0.0 0.0 0.0 989.3808000000001 988.4664 986.6376 984.8088 982.98 981.1512 980.2368000000001 979.3224 977.4936 976.5792000000001 974.7504000000001 973.836 972.9216000000001 971.0928000000001 970.1784 968.3496 966.5208 964.692 962.8632 960.1200000000001 957.3768 955.548 952.8048000000001 950.0616 946.404 943.6608000000001 940.0032000000001 936.3456000000001 933.6024 931.7736 929.9448 929.0304000000001 929.0304000000001 929.9448 930.8592000000001 933.6024 936.3456000000001 938.1744000000001 940.0032000000001 941.8320000000001 943.6608000000001 944.5752 945.4896000000001 947.3184000000001 948.2328 949.1472000000001 950.0616 950.9760000000001 951.8904 951.8904
0.0 0.0 0.0 0.0 0.0 0.0 0.0 0.0 0.0 989.3808000000001 987.5520000000001 985.7232000000001 983.8944000000001 982.0656000000001 980.2368000000001 978.4080000000001 976.5792000000001 973.836 972.0072 970.1784 968.3496 966.5208 964.692 962.8632 960.1200000000001 958.2912000000001 956.4624000000001 953.7192 951.8904 950.0616 948.2328 946.404 943.6608000000001 940.9176 938.1744000000001 935.4312 931.7736 929.9448 928.116 927.2016000000001 926.2872 927.2016000000001 927.2016000000001 929.0304000000001 930.8592000000001 933.6024 936.3456000000001 939.0888 940.9176 942.7464 944.5752 946.404 947.3184000000001 949.1472000000001 950.0616 951.8904 952.8048000000001 953.7192 953.7192
0.0 0.0 0.0 0.0 0.0 0.0 0.0 0.0 0.0 0.0 987.5520000000001 985.7232000000001 983.8944000000001 981.1512 979.3224 976.5792000000001 973.836 971.0928000000001 968.3496 965.6064000000001 962.8632 961.0344 958.2912000000001 955.548 952.8048000000001 950.0616 948.2328 946.404 944.5752 942.7464 940.9176 939.0888 937.26 934.5168000000001 931.7736 929.9448 927.2016000000001 925.3728000000001 924.4584 923.5440000000001 923.5440000000001 923.5440000000001 925.3728000000001 926.2872 929.0304000000001 931.7736 934.5168000000001 937.26 940.0032000000001 941.8320000000001 944.5752 946.404 948.2328 949.1472000000001 950.9760000000001 952.8048000000001 953.7192 954.6336000000001 954.6336000000001
0.0 0.0 0.0 0.0 0.0 0.0 0.0 0.0 0.0 0.0 0.0 985.7232000000001 983.8944000000001 981.1512 978.4080000000001 975.6648 972.0072 969.2640000000001 965.6064000000001 961.9488000000001 959.2056 955.548 952.8048000000001 950.0616 946.404 943.6608000000001 940.9176 938.1744000000001 936.3456000000001 935.4312 933.6024 932.6880000000001 930.8592000000001 928.116 926.2872 924.4584 922.6296 920.8008 920.8008 919.8864000000001 919.8864000000001 920.8008 921.7152000000001 923.5440000000001 926.2872 929.0304000000001 931.7736 934.5168000000001 938.1744000000001 940.9176 943.6608000000001 945.4896000000001 947.3184000000001 950.0616 950.9760000000001 952.8048000000001 954.6336000000001 955.548 955.548
0.0 0.0 0.0 0.0 0.0 0.0 0.0 0.0 0.0 0.0 0.0 0.0 0.0 981.1512 978.4080000000001 974.7504000000001 972.0072 968.3496 964.692 961.0344 957.3768 953.7192 950.0616 946.404 942.7464 939.0888 935.4312 932.6880000000001 929.0304000000001 928.116 927.2016000000001 926.2872 924.4584 922.6296 920.8008 918.972 917.1432 916.2288000000001 916.2288000000001 915.3144 916.2288000000001 916.2288000000001 917.1432 918.972 921.7152000000001 924.4584 928.116 931.7736 935.4312 938.1744000000001 940.9176 943.6608000000001 946.404 948.2328 950.0616 951.8904 953.7192 954.6336000000001 954.6336000000001
0.0 0.0 0.0 0.0 0.0 0.0 0.0 0.0 0.0 0.0 0.0 0.0 0.0 0.0 977.4936 974.7504000000001 971.0928000000001 968.3496 965.6064000000001 961.9488000000001 957.3768 952.8048000000001 949.1472000000001 944.5752 940.9176 936.3456000000001 931.7736 926.2872 922.6296 920.8008 919.8864000000001 918.972 918.0576000000001 916.2288000000001 915.3144 913.4856 912.5712000000001 911.6568 910.7424000000001 911.6568 911.6568 911.6568 912.5712000000001 913.4856 917.1432 920.8008 924.4584 928.116 931.7736 935.4312 938.1744000000001 940.9176 943.6608000000001 946.404 949.1472000000001 950.9760000000001 951.8904 952.8048000000001 953.7192
