data/output/elevation_aspect.txt
ncols         180
nrows         180
xllcorner     0.0
yllcorner     0.0
cellsize      20.0
NODATA_value  -9999.0
[rows 36 to 71 of 180, columns 81 to 161 of 180]
225.0 226.0 225.0 227.0 230.0 230.0 231.0 231.0 228.0 227.0 224.0 219.0 216.0 209.0 203.0 203.0 208.0 215.0 216.0 204.0 186.0 183.0 187.0 189.0 181.0 169.0 156.0 153.0 159.0 171.0 166.0 135.0 111.0 104.0 99.0 92.0 92.0 95.0 97.0 101.0 107.0 112.0 117.0 135.0 159.0 170.0 188.0 199.0 199.0 207.0 212.0 212.0 213.0 217.0 223.0 211.0 183.0 166.0 149.0 140.0 126.0 113.0 106.0 101.0 99.0 98.0 96.0 96.0 97.0 97.0 98.0 99.0 116.0 243.0 264.0 270.0 270.0 270.0 270.0 269.0 266.0
216.0 228.0 239.0 240.0 232.0 232.0 232.0 231.0 229.0 229.0 225.0 219.0 215.0 208.0 204.0 207.0 214.0 221.0 219.0 208.0 194.0 191.0 187.0 178.0 175.0 168.0 159.0 158.0 168.0 185.0 186.0 164.0 144.0 131.0 117.0 101.0 90.0 87.0 89.0 91.0 96.0 101.0 106.0 119.0 139.0 154.0 178.0 194.0 197.0 206.0 211.0 210.0 213.0 217.0 218.0 209.0 191.0 174.0 158.0 149.0 135.0 115.0 106.0 101.0 94.0 94.0 96.0 97.0 96.0 95.0 98.0 98.0 100.0 246.0 260.0 264.0 266.0 268.0 268.0 268.0 266.0
135.0 269.0 263.0 253.0 231.0 232.0 232.0 230.0 230.0 230.0 225.0 216.0 211.0 208.0 210.0 215.0 220.0 225.0 222.0 213.0 204.0 201.0 190.0 172.0 166.0 166.0 160.0 157.0 169.0 188.0 187.0 173.0 158.0 148.0 135.0 117.0 98.0 86.0 83.0 83.0 85.0 88.0 93.0 105.0 121.0 135.0 163.0 186.0 191.0 203.0 206.0 205.0 211.0 215.0 214.0 208.0 198.0 188.0 172.0 159.0 146.0 118.0 105.0 100.0 95.0 92.0 94.0 95.0 96.0 99.0 104.0 110.0 112.0 251.0 264.0 262.0 263.0 265.0 266.0 265.0 263.0
52.0 249.0 247.0 238.0 229.0 232.0 232.0 230.0 231.0 231.0 224.0 212.0 207.0 209.0 215.0 221.0 223.0 225.0 222.0 215.0 209.0 207.0 194.0 174.0 164.0 168.0 167.0 160.0 170.0 180.0 180.0 178.0 167.0 160.0 153.0 135.0 117.0 98.0 90.0 85.0 82.0 84.0 91.0 102.0 117.0 126.0 148.0 172.0 182.0 195.0 200.0 202.0 210.0 216.0 216.0 211.0 207.0 201.0 189.0 177.0 162.0 120.0 99.0 94.0 95.0 95.0 95.0 96.0 97.0 97.0 100.0 114.0 128.0 252.0 263.0 261.0 261.0 263.0 264.0 263.0 261.0
73.0 217.0 231.0 238.0 240.0 233.0 232.0 229.0 228.0 227.0 219.0 207.0 203.0 210.0 219.0 224.0 225.0 227.0 227.0 221.0 217.0 213.0 198.0 178.0 168.0 170.0 168.0 168.0 177.0 174.0 174.0 177.0 168.0 168.0 169.0 153.0 135.0 108.0 98.0 94.0 91.0 91.0 94.0 99.0 111.0 122.0 138.0 158.0 171.0 187.0 197.0 203.0 210.0 219.0 219.0 215.0 213.0 210.0 205.0 191.0 180.0 140.0 113.0 105.0 99.0 98.0 99.0 98.0 96.0 95.0 99.0 112.0 146.0 228.0 246.0 249.0 255.0 259.0 259.0 258.0 256.0
94.0 146.0 267.0 249.0 242.0 234.0 232.0 228.0 225.0 223.0 214.0 205.0 204.0 213.0 223.0 225.0 226.0 229.0 233.0 231.0 225.0 220.0 206.0 183.0 171.0 167.0 160.0 167.0 178.0 178.0 177.0 172.0 165.0 170.0 175.0 167.0 155.0 129.0 109.0 103.0 100.0 97.0 95.0 96.0 100.0 111.0 127.0 146.0 159.0 180.0 195.0 200.0 209.0 220.0 219.0 217.0 218.0 218.0 213.0 198.0 191.0 158.0 128.0 117.0 104.0 99.0 98.0 96.0 96.0 100.0 107.0 115.0 138.0 209.0 236.0 243.0 248.0 252.0 252.0 250.0 250.0
94.0 144.0 265.0 225.0 228.0 229.0 228.0 226.0 224.0 221.0 214.0 209.0 209.0 217.0 225.0 227.0 231.0 235.0 238.0 236.0 227.0 222.0 212.0 189.0 177.0 164.0 155.0 162.0 173.0 180.0 182.0 172.0 163.0 167.0 173.0 171.0 162.0 144.0 120.0 108.0 103.0 100.0 97.0 96.0 99.0 105.0 115.0 130.0 144.0 172.0 191.0 197.0 209.0 217.0 217.0 219.0 221.0 223.0 217.0 203.0 198.0 169.0 135.0 122.0 107.0 100.0 96.0 96.0 99.0 103.0 111.0 125.0 135.0 200.0 238.0 239.0 245.0 250.0 250.0 250.0 251.0
56.0 53.0 249.0 229.0 226.0 238.0 239.0 230.0 228.0 226.0 223.0 219.0 220.0 227.0 234.0 236.0 238.0 241.0 242.0 239.0 230.0 225.0 215.0 195.0 183.0 159.0 147.0 155.0 169.0 180.0 186.0 174.0 162.0 163.0 171.0 171.0 162.0 151.0 130.0 116.0 106.0 101.0 100.0 99.0 100.0 101.0 106.0 117.0 130.0 159.0 185.0 194.0 205.0 213.0 216.0 219.0 223.0 225.0 218.0 207.0 203.0 182.0 146.0 128.0 111.0 101.0 98.0 98.0 100.0 102.0 107.0 125.0 143.0 187.0 225.0 232.0 242.0 249.0 250.0 250.0 250.0
49.0 45.0 56.0 227.0 233.0 263.0 255.0 239.0 238.0 238.0 235.0 232.0 234.0 240.0 244.0 244.0 245.0 245.0 244.0 240.0 230.0 225.0 215.0 200.0 190.0 162.0 140.0 140.0 159.0 176.0 180.0 170.0 162.0 163.0 170.0 168.0 162.0 153.0 138.0 124.0 112.0 106.0 103.0 101.0 100.0 99.0 102.0 108.0 120.0 147.0 174.0 185.0 198.0 209.0 214.0 218.0 223.0 225.0 219.0 211.0 210.0 194.0 158.0 135.0 113.0 103.0 100.0 99.0 99.0 100.0 108.0 124.0 148.0 176.0 214.0 232.0 243.0 249.0 250.0 249.0 248.0
54.0 50.0 61.0 223.0 253.0 262.0 255.0 243.0 243.0 242.0 239.0 238.0 242.0 246.0 248.0 249.0 250.0 250.0 249.0 243.0 236.0 236.0 229.0 216.0 200.0 159.0 141.0 135.0 142.0 162.0 166.0 158.0 160.0 167.0 167.0 163.0 162.0 153.0 144.0 135.0 122.0 114.0 108.0 103.0 101.0 101.0 102.0 105.0 113.0 135.0 162.0 176.0 194.0 208.0 213.0 218.0 224.0 226.0 221.0 217.0 217.0 201.0 170.0 147.0 117.0 108.0 104.0 102.0 101.0 101.0 108.0 126.0 142.0 171.0 218.0 234.0 243.0 250.0 250.0 249.0 250.0
66.0 68.0 78.0 135.0 270.0 259.0 252.0 243.0 243.0 242.0 239.0 242.0 245.0 250.0 256.0 259.0 261.0 261.0 261.0 261.0 263.0 270.0 277.0 277.0 270.0 90.0 90.0 96.0 112.0 135.0 150.0 147.0 155.0 167.0 163.0 162.0 160.0 154.0 150.0 144.0 133.0 125.0 120.0 114.0 108.0 103.0 103.0 107.0 113.0 125.0 147.0 166.0 191.0 209.0 214.0 219.0 226.0 227.0 223.0 219.0 217.0 203.0 182.0 166.0 132.0 115.0 110.0 106.0 105.0 105.0 108.0 123.0 135.0 171.0 227.0 235.0 246.0 252.0 253.0 254.0 255.0
77.0 79.0 76.0 48.0 239.0 247.0 252.0 247.0 244.0 242.0 245.0 249.0 252.0 258.0 263.0 267.0 270.0 273.0 275.0 278.0 284.0 291.0 311.0 342.0 347.0 31.0 52.0 72.0 90.0 108.0 130.0 139.0 146.0 159.0 162.0 163.0 160.0 156.0 153.0 148.0 141.0 135.0 129.0 122.0 116.0 112.0 107.0 107.0 111.0 122.0 137.0 153.0 185.0 205.0 210.0 217.0 225.0 226.0 222.0 217.0 215.0 206.0 191.0 176.0 147.0 125.0 118.0 112.0 108.0 108.0 111.0 120.0 131.0 167.0 221.0 236.0 251.0 256.0 258.0 259.0 259.0
79.0 82.0 82.0 93.0 181.0 243.0 250.0 247.0 245.0 244.0 248.0 252.0 255.0 260.0 263.0 267.0 270.0 273.0 275.0 279.0 287.0 293.0 312.0 357.0 8.0 24.0 56.0 72.0 80.0 90.0 105.0 123.0 135.0 144.0 154.0 159.0 160.0 159.0 156.0 152.0 145.0 141.0 135.0 126.0 120.0 119.0 113.0 107.0 107.0 117.0 133.0 142.0 174.0 199.0 204.0 216.0 224.0 225.0 221.0 217.0 217.0 209.0 196.0 186.0 155.0 131.0 124.0 114.0 110.0 111.0 115.0 124.0 139.0 164.0 221.0 244.0 253.0 258.0 259.0 259.0 258.0
78.0 80.0 86.0 96.0 139.0 253.0 249.0 245.0 244.0 241.0 243.0 248.0 252.0 255.0 258.0 261.0 263.0 267.0 270.0 274.0 279.0 284.0 298.0 356.0 11.0 25.0 53.0 66.0 79.0 90.0 99.0 110.0 121.0 129.0 138.0 148.0 152.0 155.0 156.0 154.0 148.0 146.0 144.0 135.0 127.0 121.0 114.0 110.0 107.0 109.0 123.0 133.0 162.0 192.0 198.0 215.0 223.0 223.0 220.0 218.0 219.0 210.0 198.0 194.0 167.0 137.0 127.0 117.0 112.0 113.0 119.0 130.0 146.0 173.0 230.0 248.0 253.0 258.0 260.0 261.0 258.0
75.0 75.0 75.0 76.0 73.0 253.0 247.0 245.0 243.0 239.0 242.0 246.0 247.0 251.0 253.0 256.0 258.0 260.0 263.0 266.0 270.0 276.0 288.0 339.0 360.0 25.0 51.0 64.0 79.0 88.0 92.0 99.0 108.0 117.0 124.0 135.0 140.0 144.0 151.0 153.0 150.0 150.0 148.0 141.0 135.0 127.0 116.0 110.0 107.0 104.0 111.0 120.0 144.0 180.0 189.0 209.0 219.0 220.0 218.0 218.0 217.0 210.0 201.0 198.0 179.0 151.0 137.0 123.0 115.0 115.0 121.0 132.0 149.0 186.0 225.0 241.0 252.0 259.0 262.0 261.0 257.0
78.0 78.0 78.0 78.0 76.0 241.0 241.0 242.0 241.0 238.0 243.0 246.0 247.0 249.0 251.0 253.0 253.0 255.0 257.0 259.0 262.0 269.0 280.0 315.0 346.0 29.0 54.0 61.0 70.0 79.0 84.0 90.0 98.0 106.0 113.0 124.0 133.0 137.0 144.0 148.0 148.0 151.0 148.0 142.0 137.0 133.0 121.0 110.0 105.0 102.0 106.0 114.0 132.0 163.0 178.0 202.0 215.0 217.0 217.0 219.0 217.0 212.0 205.0 203.0 185.0 162.0 148.0 126.0 115.0 115.0 122.0 132.0 147.0 194.0 225.0 240.0 251.0 259.0 261.0 259.0 257.0
82.0 85.0 84.0 83.0 93.0 193.0 240.0 240.0 236.0 234.0 240.0 244.0 243.0 244.0 245.0 244.0 244.0 245.0 247.0 247.0 247.0 250.0 253.0 270.0 315.0 20.0 47.0 54.0 62.0 67.0 75.0 81.0 86.0 94.0 99.0 105.0 113.0 122.0 130.0 138.0 140.0 143.0 145.0 142.0 137.0 135.0 125.0 115.0 109.0 107.0 108.0 110.0 122.0 147.0 168.0 195.0 213.0 215.0 218.0 221.0 218.0 214.0 210.0 207.0 190.0 169.0 160.0 135.0 118.0 116.0 125.0 138.0 153.0 192.0 225.0 243.0 254.0 259.0 259.0 259.0 260.0
87.0 89.0 89.0 88.0 97.0 169.0 228.0 233.0 233.0 231.0 234.0 237.0 236.0 236.0 237.0 237.0 237.0 238.0 239.0 238.0 236.0 238.0 242.0 254.0 291.0 358.0 39.0 49.0 56.0 61.0 68.0 74.0 79.0 82.0 85.0 90.0 97.0 105.0 112.0 120.0 129.0 135.0 137.0 140.0 137.0 135.0 127.0 119.0 115.0 111.0 109.0 108.0 112.0 125.0 149.0 186.0 210.0 211.0 216.0 219.0 217.0 215.0 212.0 207.0 193.0 177.0 169.0 143.0 122.0 119.0 127.0 140.0 154.0 193.0 228.0 243.0 256.0 261.0 261.0 261.0 261.0
86.0 87.0 85.0 84.0 80.0 84.0 201.0 220.0 228.0 227.0 232.0 236.0 233.0 232.0 234.0 234.0 233.0 235.0 236.0 235.0 233.0 236.0 240.0 251.0 269.0 320.0 50.0 60.0 64.0 70.0 74.0 74.0 74.0 74.0 77.0 84.0 90.0 95.0 100.0 106.0 116.0 127.0 130.0 133.0 135.0 135.0 128.0 122.0 118.0 114.0 111.0 111.0 114.0 119.0 132.0 172.0 203.0 204.0 212.0 220.0 220.0 216.0 214.0 210.0 198.0 188.0 177.0 150.0 127.0 120.0 126.0 138.0 152.0 200.0 233.0 244.0 254.0 258.0 259.0 259.0 257.0
81.0 77.0 70.0 68.0 61.0 55.0 94.0 209.0 225.0 225.0 231.0 234.0 230.0 229.0 232.0 231.0 231.0 232.0 232.0 229.0 227.0 229.0 231.0 235.0 234.0 210.0 146.0 117.0 99.0 89.0 81.0 74.0 70.0 69.0 72.0 73.0 74.0 77.0 85.0 94.0 99.0 106.0 113.0 120.0 127.0 130.0 128.0 127.0 125.0 122.0 118.0 116.0 120.0 124.0 128.0 155.0 195.0 203.0 218.0 232.0 232.0 225.0 219.0 213.0 201.0 193.0 183.0 158.0 137.0 128.0 133.0 142.0 163.0 201.0 227.0 240.0 249.0 253.0 253.0 252.0 250.0
75.0 67.0 59.0 61.0 60.0 63.0 82.0 151.0 222.0 221.0 225.0 228.0 225.0 226.0 229.0 228.0 228.0 229.0 227.0 224.0 222.0 222.0 222.0 221.0 215.0 199.0 178.0 163.0 140.0 107.0 85.0 73.0 66.0 66.0 68.0 68.0 68.0 69.0 74.0 82.0 88.0 94.0 102.0 111.0 120.0 126.0 127.0 127.0 127.0 127.0 125.0 122.0 125.0 126.0 127.0 148.0 191.0 219.0 247.0 256.0 253.0 241.0 220.0 207.0 198.0 194.0 188.0 164.0 143.0 138.0 141.0 141.0 164.0 202.0 223.0 235.0 245.0 249.0 249.0 248.0 247.0
72.0 65.0 62.0 66.0 67.0 72.0 86.0 111.0 202.0 211.0 219.0 223.0 220.0 224.0 226.0 224.0 225.0 225.0 224.0 222.0 221.0 220.0 219.0 217.0 212.0 203.0 194.0 188.0 171.0 135.0 92.0 70.0 64.0 66.0 68.0 68.0 70.0 72.0 76.0 79.0 85.0 95.0 102.0 108.0 117.0 122.0 125.0 127.0 127.0 127.0 127.0 127.0 130.0 132.0 131.0 156.0 201.0 233.0 258.0 264.0 261.0 243.0 214.0 204.0 195.0 195.0 194.0 168.0 145.0 142.0 145.0 139.0 157.0 209.0 227.0 237.0 244.0 248.0 249.0 248.0 247.0
76.0 72.0 71.0 73.0 73.0 75.0 81.0 94.0 157.0 193.0 210.0 215.0 215.0 221.0 223.0 222.0 222.0 223.0 220.0 219.0 219.0 219.0 219.0 217.0 215.0 211.0 206.0 204.0 195.0 178.0 144.0 103.0 92.0 88.0 86.0 84.0 85.0 86.0 87.0 87.0 91.0 98.0 102.0 107.0 114.0 119.0 123.0 127.0 127.0 127.0 127.0 128.0 135.0 139.0 138.0 172.0 207.0 241.0 258.0 259.0 257.0 241.0 215.0 215.0 184.0 187.0 198.0 166.0 141.0 141.0 148.0 143.0 156.0 208.0 227.0 236.0 243.0 246.0 247.0 246.0 246.0
79.0 79.0 79.0 77.0 76.0 77.0 82.0 90.0 119.0 162.0 195.0 204.0 207.0 217.0 221.0 220.0 219.0 219.0 216.0 216.0 219.0 220.0 221.0 221.0 222.0 219.0 215.0 215.0 207.0 196.0 182.0 142.0 120.0 114.0 108.0 104.0 103.0 102.0 99.0 98.0 98.0 101.0 105.0 109.0 114.0 119.0 124.0 129.0 131.0 131.0 129.0 128.0 138.0 149.0 155.0 189.0 218.0 248.0 260.0 261.0 260.0 254.0 225.0 212.0 176.0 171.0 194.0 156.0 133.0 135.0 143.0 148.0 159.0 202.0 227.0 234.0 241.0 245.0 246.0 245.0 245.0
80.0 81.0 79.0 76.0 74.0 77.0 83.0 90.0 108.0 135.0 176.0 190.0 195.0 212.0 218.0 216.0 215.0 213.0 211.0 215.0 222.0 224.0 224.0 225.0 225.0 220.0 218.0 218.0 211.0 202.0 196.0 163.0 133.0 124.0 120.0 114.0 111.0 110.0 108.0 105.0 104.0 105.0 108.0 111.0 114.0 118.0 123.0 128.0 131.0 133.0 133.0 130.0 142.0 166.0 180.0 207.0 225.0 241.0 255.0 259.0 256.0 245.0 225.0 211.0 172.0 162.0 167.0 142.0 129.0 131.0 139.0 148.0 162.0 203.0 228.0 234.0 240.0 243.0 245.0 246.0 246.0
79.0 75.0 72.0 69.0 68.0 70.0 73.0 80.0 87.0 98.0 135.0 169.0 183.0 210.0 219.0 218.0 216.0 213.0 215.0 222.0 229.0 229.0 226.0 225.0 222.0 217.0 214.0 211.0 205.0 198.0 193.0 176.0 160.0 151.0 145.0 139.0 133.0 130.0 129.0 126.0 121.0 118.0 119.0 121.0 121.0 122.0 125.0 126.0 129.0 133.0 135.0 135.0 149.0 180.0 198.0 211.0 211.0 219.0 242.0 247.0 240.0 225.0 205.0 190.0 170.0 163.0 162.0 144.0 133.0 135.0 142.0 147.0 167.0 211.0 229.0 234.0 240.0 243.0 245.0 245.0 245.0
75.0 72.0 69.0 66.0 63.0 65.0 68.0 69.0 70.0 81.0 98.0 127.0 156.0 208.0 225.0 223.0 219.0 220.0 225.0 232.0 235.0 232.0 227.0 223.0 218.0 212.0 208.0 205.0 200.0 196.0 190.0 181.0 171.0 166.0 160.0 153.0 151.0 147.0 142.0 138.0 134.0 130.0 127.0 128.0 126.0 124.0 126.0 128.0 131.0 137.0 140.0 140.0 157.0 193.0 210.0 207.0 201.0 210.0 232.0 237.0 230.0 211.0 193.0 183.0 173.0 169.0 165.0 152.0 141.0 140.0 147.0 152.0 173.0 212.0 226.0 235.0 241.0 243.0 245.0 245.0 243.0
73.0 70.0 67.0 64.0 63.0 66.0 67.0 66.0 68.0 76.0 84.0 103.0 129.0 198.0 222.0 218.0 217.0 221.0 227.0 232.0 234.0 230.0 224.0 218.0 213.0 209.0 206.0 203.0 199.0 195.0 190.0 184.0 176.0 172.0 168.0 159.0 156.0 153.0 149.0 144.0 138.0 134.0 131.0 131.0 130.0 127.0 126.0 128.0 131.0 137.0 142.0 146.0 163.0 202.0 213.0 205.0 201.0 214.0 229.0 233.0 228.0 200.0 180.0 174.0 170.0 171.0 166.0 154.0 144.0 141.0 149.0 161.0 178.0 210.0 227.0 233.0 240.0 245.0 246.0 245.0 243.0
68.0 63.0 59.0 57.0 56.0 58.0 60.0 59.0 58.0 60.0 67.0 81.0 96.0 166.0 212.0 211.0 218.0 223.0 225.0 228.0 229.0 224.0 217.0 213.0 210.0 207.0 204.0 201.0 198.0 194.0 190.0 186.0 179.0 177.0 174.0 166.0 165.0 161.0 158.0 155.0 147.0 140.0 138.0 138.0 138.0 135.0 132.0 130.0 131.0 135.0 140.0 147.0 169.0 213.0 217.0 207.0 205.0 210.0 221.0 228.0 220.0 188.0 168.0 164.0 166.0 169.0 165.0 155.0 146.0 144.0 154.0 171.0 183.0 213.0 231.0 234.0 242.0 248.0 249.0 247.0 246.0
61.0 54.0 52.0 50.0 49.0 52.0 55.0 52.0 50.0 55.0 61.0 66.0 78.0 111.0 198.0 205.0 218.0 223.0 221.0 223.0 222.0 217.0 211.0 209.0 207.0 203.0 201.0 199.0 196.0 192.0 189.0 186.0 182.0 180.0 176.0 172.0 172.0 168.0 165.0 163.0 157.0 149.0 144.0 142.0 141.0 138.0 133.0 129.0 128.0 130.0 135.0 146.0 177.0 213.0 214.0 208.0 207.0 207.0 213.0 219.0 210.0 180.0 159.0 156.0 161.0 166.0 165.0 155.0 147.0 148.0 161.0 180.0 190.0 217.0 234.0 240.0 249.0 253.0 251.0 249.0 248.0
55.0 50.0 48.0 46.0 47.0 52.0 54.0 51.0 51.0 56.0 60.0 66.0 77.0 86.0 156.0 190.0 216.0 219.0 216.0 216.0 213.0 210.0 207.0 204.0 202.0 200.0 200.0 197.0 193.0 190.0 188.0 186.0 183.0 182.0 178.0 176.0 176.0 173.0 170.0 167.0 162.0 155.0 150.0 148.0 144.0 141.0 135.0 131.0 130.0 126.0 129.0 143.0 177.0 202.0 206.0 203.0 198.0 198.0 200.0 203.0 197.0 174.0 159.0 155.0 158.0 165.0 165.0 157.0 149.0 150.0 166.0 186.0 200.0 223.0 237.0 242.0 249.0 252.0 251.0 248.0 246.0
52.0 48.0 45.0 44.0 47.0 52.0 54.0 52.0 53.0 56.0 56.0 58.0 60.0 57.0 49.0 61.0 216.0 217.0 214.0 210.0 208.0 205.0 201.0 199.0 198.0 198.0 198.0 195.0 191.0 189.0 188.0 186.0 185.0 183.0 181.0 181.0 179.0 177.0 175.0 171.0 167.0 159.0 153.0 152.0 148.0 140.0 130.0 124.0 122.0 118.0 115.0 125.0 159.0 186.0 192.0 191.0 189.0 189.0 189.0 187.0 184.0 174.0 165.0 163.0 164.0 168.0 168.0 163.0 155.0 154.0 172.0 194.0 210.0 227.0 236.0 239.0 245.0 249.0 249.0 248.0 245.0
47.0 45.0 42.0 42.0 49.0 53.0 54.0 52.0 52.0 54.0 52.0 53.0 54.0 47.0 36.0 27.0 30.0 135.0 196.0 195.0 201.0 197.0 193.0 193.0 193.0 194.0 196.0 193.0 190.0 188.0 187.0 187.0 186.0 185.0 184.0 184.0 184.0 182.0 179.0 175.0 173.0 166.0 159.0 155.0 150.0 142.0 124.0 110.0 96.0 90.0 90.0 97.0 124.0 156.0 171.0 179.0 180.0 182.0 182.0 178.0 178.0 174.0 168.0 168.0 171.0 174.0 173.0 171.0 164.0 162.0 182.0 203.0 217.0 229.0 236.0 239.0 245.0 249.0 249.0 248.0 246.0
45.0 43.0 40.0 42.0 50.0 54.0 54.0 53.0 53.0 52.0 50.0 52.0 51.0 43.0 35.0 31.0 40.0 74.0 135.0 166.0 184.0 183.0 182.0 184.0 186.0 189.0 194.0 193.0 188.0 186.0 187.0 187.0 188.0 189.0 188.0 188.0 189.0 187.0 184.0 181.0 180.0 175.0 171.0 168.0 157.0 148.0 130.0 111.0 90.0 81.0 81.0 90.0 107.0 129.0 147.0 164.0 171.0 173.0 174.0 173.0 174.0 172.0 169.0 169.0 175.0 180.0 180.0 178.0 174.0 175.0 194.0 211.0 220.0 229.0 234.0 237.0 243.0 248.0 249.0 248.0 246.0
45.0 43.0 43.0 47.0 52.0 55.0 53.0 52.0 51.0 49.0 46.0 45.0 42.0 36.0 31.0 28.0 35.0 51.0 74.0 108.0 153.0 167.0 161.0 166.0 177.0 186.0 197.0 197.0 189.0 187.0 188.0 190.0 192.0 194.0 193.0 194.0 194.0 192.0 190.0 189.0 190.0 187.0 182.0 180.0 170.0 150.0 94.0 72.0 66.0 63.0 60.0 61.0 69.0 80.0 92.0 113.0 138.0 150.0 156.0 161.0 163.0 164.0 164.0 166.0 176.0 186.0 186.0 184.0 184.0 189.0 203.0 214.0 220.0 229.0 233.0 235.0 240.0 244.0 244.0 242.0 238.0
42.0 45.0 49.0 53.0 55.0 54.0 50.0 47.0 46.0 45.0 42.0 38.0 36.0 31.0 27.0 27.0 35.0 45.0 52.0 56.0 45.0 40.0 65.0 75.0 90.0 153.0 203.0 201.0 196.0 190.0 187.0 194.0 199.0 199.0 199.0 200.0 200.0 199.0 201.0 202.0 203.0 206.0 207.0 209.0 217.0 270.0 37.0 37.0 34.0 41.0 42.0 40.0 45.0 49.0 51.0 56.0 68.0 90.0 113.0 128.0 132.0 135.0 139.0 143.0 167.0 187.0 188.0 188.0 194.0 196.0 207.0 215.0 220.0 229.0 231.0 230.0 235.0 239.0 239.0 235.0 231.0
