data/output/elevation_aspect.txt
ncols         180
nrows         180
xllcorner     0.0
yllcorner     0.0
cellsize      20.0
NODATA_value  -9999.0
[rows 72 to 107 of 180, columns 81 to 161 of 180]
40.0 45.0 49.0 51.0 52.0 51.0 46.0 44.0 43.0 42.0 37.0 33.0 31.0 29.0 27.0 29.0 36.0 44.0 48.0 43.0 26.0 18.0 27.0 34.0 37.0 35.0 66.0 169.0 202.0 193.0 180.0 193.0 200.0 197.0 200.0 204.0 204.0 206.0 212.0 215.0 216.0 222.0 229.0 238.0 259.0 292.0 354.0 6.0 16.0 29.0 26.0 27.0 37.0 42.0 43.0 47.0 56.0 70.0 81.0 90.0 96.0 100.0 108.0 117.0 135.0 167.0 180.0 188.0 197.0 198.0 207.0 218.0 223.0 227.0 225.0 223.0 232.0 238.0 238.0 234.0 231.0
37.0 40.0 45.0 47.0 47.0 43.0 38.0 37.0 36.0 35.0 30.0 25.0 23.0 23.0 22.0 23.0 26.0 31.0 30.0 21.0 12.0 10.0 14.0 19.0 23.0 27.0 36.0 52.0 135.0 194.0 171.0 186.0 198.0 198.0 206.0 214.0 214.0 220.0 228.0 230.0 231.0 239.0 248.0 256.0 270.0 299.0 336.0 346.0 360.0 9.0 9.0 15.0 22.0 28.0 30.0 34.0 43.0 47.0 47.0 47.0 54.0 67.0 74.0 77.0 90.0 117.0 153.0 180.0 194.0 200.0 211.0 222.0 225.0 225.0 223.0 225.0 236.0 240.0 238.0 233.0 231.0
27.0 34.0 43.0 47.0 41.0 31.0 25.0 27.0 30.0 29.0 24.0 19.0 16.0 16.0 17.0 16.0 19.0 23.0 21.0 15.0 10.0 10.0 15.0 18.0 22.0 28.0 35.0 47.0 56.0 105.0 165.0 179.0 204.0 206.0 216.0 225.0 229.0 238.0 243.0 246.0 252.0 258.0 265.0 276.0 291.0 306.0 327.0 339.0 350.0 355.0 359.0 5.0 10.0 16.0 19.0 26.0 34.0 37.0 37.0 39.0 45.0 52.0 54.0 58.0 65.0 72.0 96.0 144.0 180.0 194.0 210.0 219.0 222.0 225.0 225.0 229.0 237.0 239.0 235.0 231.0 229.0
16.0 29.0 43.0 43.0 30.0 15.0 12.0 19.0 26.0 25.0 18.0 13.0 10.0 13.0 14.0 14.0 18.0 21.0 20.0 17.0 13.0 14.0 19.0 24.0 28.0 34.0 43.0 51.0 52.0 46.0 49.0 135.0 194.0 208.0 220.0 231.0 237.0 244.0 250.0 255.0 262.0 270.0 276.0 284.0 298.0 309.0 321.0 331.0 342.0 347.0 351.0 356.0 2.0 8.0 13.0 24.0 34.0 38.0 39.0 43.0 50.0 53.0 52.0 54.0 61.0 69.0 86.0 112.0 153.0 180.0 207.0 218.0 222.0 225.0 225.0 227.0 232.0 234.0 230.0 227.0 226.0
6.0 19.0 31.0 29.0 15.0 1.0 2.0 11.0 20.0 20.0 13.0 8.0 7.0 11.0 14.0 15.0 19.0 22.0 21.0 19.0 16.0 18.0 24.0 28.0 30.0 35.0 42.0 48.0 47.0 42.0 50.0 66.0 186.0 220.0 231.0 243.0 243.0 247.0 254.0 262.0 270.0 278.0 284.0 290.0 300.0 313.0 322.0 328.0 336.0 340.0 345.0 348.0 355.0 4.0 10.0 25.0 37.0 39.0 40.0 44.0 48.0 47.0 43.0 47.0 53.0 59.0 68.0 69.0 76.0 121.0 207.0 225.0 221.0 220.0 220.0 221.0 227.0 230.0 226.0 225.0 224.0
1.0 12.0 21.0 19.0 6.0 355.0 357.0 6.0 16.0 17.0 11.0 7.0 6.0 11.0 16.0 19.0 21.0 21.0 19.0 19.0 18.0 20.0 25.0 28.0 29.0 34.0 41.0 45.0 43.0 42.0 38.0 18.0 21.0 47.0 232.0 228.0 238.0 252.0 261.0 273.0 283.0 288.0 294.0 300.0 305.0 313.0 323.0 328.0 333.0 336.0 339.0 343.0 352.0 2.0 9.0 27.0 38.0 38.0 39.0 44.0 45.0 43.0 42.0 48.0 53.0 53.0 57.0 53.0 56.0 81.0 169.0 219.0 211.0 215.0 220.0 218.0 223.0 227.0 225.0 224.0 220.0
359.0 6.0 14.0 12.0 1.0 352.0 353.0 3.0 14.0 15.0 10.0 7.0 7.0 14.0 20.0 23.0 21.0 17.0 16.0 17.0 19.0 20.0 24.0 28.0 30.0 36.0 43.0 45.0 44.0 46.0 34.0 14.0 47.0 71.0 220.0 202.0 237.0 256.0 264.0 270.0 276.0 283.0 289.0 297.0 304.0 310.0 320.0 329.0 331.0 332.0 332.0 338.0 351.0 3.0 8.0 24.0 33.0 33.0 38.0 43.0 44.0 43.0 45.0 51.0 52.0 49.0 52.0 54.0 62.0 77.0 101.0 201.0 200.0 212.0 216.0 212.0 219.0 225.0 223.0 219.0 215.0
355.0 360.0 6.0 5.0 357.0 351.0 349.0 1.0 14.0 13.0 11.0 10.0 13.0 20.0 25.0 27.0 20.0 15.0 14.0 15.0 19.0 19.0 22.0 27.0 30.0 35.0 40.0 42.0 43.0 45.0 39.0 44.0 75.0 74.0 49.0 175.0 237.0 254.0 259.0 260.0 261.0 267.0 278.0 285.0 295.0 305.0 317.0 329.0 329.0 328.0 325.0 329.0 346.0 1.0 5.0 17.0 27.0 29.0 35.0 39.0 38.0 39.0 43.0 47.0 44.0 41.0 45.0 49.0 54.0 58.0 57.0 79.0 173.0 198.0 207.0 207.0 218.0 223.0 220.0 215.0 214.0
350.0 355.0 359.0 356.0 353.0 350.0 349.0 360.0 10.0 10.0 12.0 16.0 20.0 26.0 30.0 29.0 20.0 13.0 11.0 12.0 14.0 15.0 20.0 26.0 29.0 34.0 39.0 42.0 43.0 43.0 44.0 49.0 56.0 56.0 57.0 81.0 246.0 257.0 256.0 253.0 254.0 261.0 270.0 278.0 288.0 298.0 312.0 328.0 330.0 326.0 320.0 322.0 337.0 351.0 357.0 12.0 22.0 26.0 31.0 33.0 33.0 35.0 40.0 43.0 40.0 39.0 46.0 50.0 49.0 50.0 48.0 52.0 82.0 166.0 198.0 202.0 214.0 219.0 218.0 215.0 215.0
346.0 349.0 351.0 348.0 349.0 352.0 354.0 359.0 1.0 4.0 13.0 20.0 23.0 27.0 28.0 25.0 18.0 10.0 7.0 7.0 6.0 9.0 18.0 26.0 30.0 36.0 43.0 45.0 44.0 45.0 48.0 47.0 46.0 55.0 61.0 60.0 265.0 255.0 252.0 250.0 254.0 261.0 267.0 275.0 283.0 291.0 304.0 323.0 326.0 321.0 317.0 317.0 326.0 337.0 348.0 7.0 21.0 24.0 26.0 28.0 29.0 35.0 42.0 43.0 41.0 44.0 50.0 51.0 49.0 49.0 50.0 58.0 73.0 105.0 171.0 189.0 207.0 213.0 213.0 214.0 218.0
340.0 339.0 339.0 338.0 342.0 351.0 358.0 352.0 349.0 355.0 10.0 19.0 18.0 19.0 20.0 16.0 12.0 8.0 6.0 4.0 3.0 9.0 21.0 31.0 35.0 41.0 46.0 47.0 47.0 50.0 52.0 51.0 52.0 59.0 60.0 53.0 41.0 233.0 248.0 253.0 257.0 260.0 262.0 265.0 269.0 273.0 279.0 297.0 306.0 302.0 302.0 305.0 309.0 317.0 331.0 359.0 20.0 24.0 24.0 26.0 29.0 37.0 44.0 45.0 44.0 46.0 49.0 45.0 40.0 42.0 49.0 57.0 68.0 79.0 108.0 162.0 205.0 212.0 212.0 219.0 223.0
339.0 332.0 326.0 323.0 325.0 342.0 360.0 332.0 323.0 333.0 354.0 5.0 5.0 9.0 11.0 9.0 9.0 9.0 9.0 8.0 10.0 17.0 30.0 38.0 39.0 44.0 49.0 50.0 51.0 54.0 56.0 55.0 57.0 61.0 61.0 59.0 68.0 219.0 261.0 264.0 263.0 259.0 257.0 257.0 257.0 256.0 253.0 254.0 268.0 278.0 283.0 288.0 294.0 299.0 309.0 342.0 14.0 19.0 22.0 26.0 31.0 39.0 46.0 46.0 44.0 45.0 45.0 41.0 40.0 45.0 52.0 56.0 61.0 62.0 63.0 90.0 180.0 210.0 214.0 222.0 225.0
338.0 335.0 329.0 321.0 315.0 328.0 351.0 312.0 304.0 315.0 327.0 339.0 348.0 359.0 5.0 6.0 9.0 13.0 15.0 18.0 24.0 32.0 38.0 39.0 38.0 47.0 53.0 53.0 54.0 56.0 58.0 58.0 60.0 63.0 62.0 64.0 69.0 63.0 246.0 250.0 257.0 260.0 256.0 254.0 252.0 250.0 247.0 246.0 255.0 270.0 279.0 284.0 289.0 294.0 301.0 324.0 356.0 9.0 17.0 24.0 28.0 37.0 44.0 44.0 43.0 45.0 45.0 44.0 46.0 52.0 57.0 59.0 63.0 65.0 69.0 84.0 126.0 195.0 202.0 213.0 221.0
335.0 333.0 331.0 324.0 315.0 315.0 322.0 300.0 290.0 291.0 294.0 301.0 315.0 341.0 1.0 5.0 15.0 27.0 31.0 36.0 44.0 49.0 46.0 40.0 42.0 52.0 56.0 55.0 58.0 60.0 61.0 62.0 63.0 66.0 65.0 63.0 63.0 59.0 219.0 243.0 249.0 249.0 249.0 251.0 251.0 249.0 245.0 244.0 251.0 262.0 270.0 276.0 284.0 290.0 297.0 315.0 338.0 355.0 9.0 19.0 25.0 35.0 43.0 43.0 45.0 48.0 48.0 49.0 52.0 54.0 55.0 56.0 61.0 66.0 73.0 81.0 90.0 149.0 180.0 205.0 220.0
342.0 346.0 329.0 315.0 315.0 304.0 294.0 281.0 270.0 263.0 261.0 260.0 256.0 241.0 207.0 180.0 90.0 77.0 64.0 61.0 64.0 62.0 55.0 47.0 48.0 57.0 61.0 60.0 61.0 63.0 63.0 64.0 65.0 68.0 66.0 62.0 61.0 53.0 42.0 253.0 244.0 238.0 243.0 248.0 249.0 247.0 243.0 242.0 246.0 253.0 261.0 269.0 276.0 283.0 293.0 308.0 325.0 340.0 359.0 13.0 20.0 32.0 43.0 46.0 49.0 51.0 51.0 52.0 53.0 54.0 54.0 55.0 60.0 65.0 70.0 74.0 76.0 96.0 135.0 198.0 221.0
360.0 4.0 355.0 326.0 315.0 301.0 275.0 270.0 267.0 262.0 258.0 253.0 243.0 222.0 200.0 190.0 150.0 112.0 85.0 76.0 72.0 67.0 59.0 51.0 53.0 62.0 65.0 63.0 65.0 66.0 66.0 66.0 68.0 70.0 68.0 63.0 62.0 56.0 58.0 203.0 236.0 239.0 243.0 245.0 246.0 245.0 242.0 242.0 245.0 250.0 258.0 266.0 274.0 282.0 289.0 301.0 315.0 327.0 348.0 5.0 13.0 31.0 44.0 47.0 50.0 53.0 53.0 54.0 56.0 58.0 58.0 59.0 64.0 67.0 68.0 72.0 77.0 94.0 117.0 180.0 207.0
18.0 16.0 22.0 349.0 333.0 321.0 288.0 272.0 270.0 267.0 261.0 255.0 247.0 229.0 210.0 191.0 162.0 140.0 117.0 96.0 86.0 80.0 73.0 68.0 69.0 75.0 76.0 75.0 76.0 76.0 74.0 73.0 73.0 72.0 68.0 63.0 63.0 63.0 70.0 91.0 241.0 246.0 245.0 244.0 244.0 241.0 238.0 239.0 242.0 247.0 255.0 263.0 273.0 279.0 283.0 293.0 305.0 313.0 333.0 356.0 10.0 36.0 50.0 52.0 54.0 56.0 57.0 60.0 63.0 65.0 65.0 65.0 67.0 67.0 65.0 71.0 78.0 90.0 104.0 151.0 184.0
34.0 32.0 31.0 4.0 352.0 328.0 291.0 273.0 270.0 267.0 262.0 260.0 252.0 234.0 214.0 184.0 162.0 153.0 139.0 117.0 106.0 97.0 92.0 90.0 92.0 92.0 92.0 92.0 89.0 86.0 83.0 79.0 76.0 72.0 65.0 61.0 62.0 65.0 72.0 75.0 253.0 252.0 248.0 243.0 240.0 236.0 235.0 237.0 239.0 246.0 255.0 264.0 272.0 276.0 278.0 283.0 290.0 298.0 315.0 344.0 8.0 45.0 59.0 58.0 58.0 60.0 63.0 67.0 70.0 72.0 71.0 69.0 68.0 66.0 65.0 72.0 77.0 85.0 93.0 114.0 156.0
45.0 45.0 40.0 26.0 4.0 343.0 297.0 271.0 270.0 270.0 270.0 265.0 253.0 235.0 212.0 176.0 155.0 152.0 146.0 130.0 116.0 105.0 99.0 99.0 101.0 99.0 96.0 94.0 91.0 88.0 83.0 79.0 75.0 71.0 66.0 63.0 65.0 67.0 69.0 72.0 180.0 249.0 243.0 239.0 237.0 235.0 237.0 238.0 241.0 248.0 257.0 264.0 269.0 273.0 276.0 279.0 284.0 291.0 307.0 337.0 360.0 43.0 57.0 56.0 57.0 61.0 64.0 68.0 70.0 72.0 71.0 70.0 69.0 68.0 68.0 73.0 76.0 78.0 82.0 90.0 114.0
45.0 45.0 48.0 40.0 2.0 355.0 328.0 273.0 270.0 270.0 267.0 259.0 243.0 220.0 190.0 170.0 162.0 157.0 151.0 135.0 122.0 113.0 106.0 104.0 103.0 99.0 97.0 94.0 91.0 88.0 84.0 80.0 76.0 71.0 66.0 63.0 65.0 65.0 64.0 64.0 62.0 240.0 234.0 234.0 237.0 238.0 241.0 242.0 246.0 252.0 257.0 260.0 260.0 261.0 263.0 267.0 274.0 283.0 301.0 331.0 352.0 27.0 46.0 50.0 55.0 59.0 59.0 61.0 65.0 67.0 68.0 68.0 69.0 69.0 67.0 67.0 65.0 63.0 66.0 77.0 90.0
45.0 31.0 24.0 23.0 9.0 2.0 357.0 292.0 274.0 270.0 267.0 252.0 225.0 196.0 171.0 165.0 166.0 165.0 160.0 141.0 126.0 121.0 114.0 110.0 104.0 99.0 97.0 94.0 92.0 90.0 87.0 83.0 77.0 70.0 65.0 64.0 65.0 62.0 57.0 52.0 44.0 31.0 221.0 231.0 237.0 241.0 245.0 249.0 254.0 257.0 258.0 256.0 253.0 253.0 254.0 257.0 263.0 271.0 288.0 315.0 341.0 15.0 38.0 46.0 52.0 55.0 54.0 57.0 61.0 65.0 66.0 68.0 70.0 70.0 67.0 62.0 59.0 57.0 63.0 69.0 70.0
38.0 18.0 4.0 13.0 15.0 9.0 360.0 322.0 291.0 284.0 278.0 248.0 207.0 175.0 157.0 154.0 159.0 170.0 171.0 149.0 129.0 124.0 119.0 114.0 108.0 100.0 95.0 92.0 88.0 87.0 86.0 81.0 75.0 69.0 67.0 66.0 67.0 63.0 56.0 52.0 48.0 58.0 119.0 227.0 239.0 243.0 247.0 252.0 255.0 257.0 257.0 254.0 252.0 251.0 252.0 255.0 259.0 265.0 275.0 294.0 320.0 6.0 39.0 47.0 52.0 55.0 54.0 58.0 63.0 67.0 68.0 69.0 71.0 70.0 63.0 58.0 55.0 55.0 60.0 61.0 58.0
37.0 19.0 338.0 345.0 8.0 8.0 360.0 345.0 323.0 315.0 321.0 338.0 135.0 131.0 135.0 135.0 139.0 166.0 173.0 148.0 128.0 119.0 115.0 113.0 110.0 101.0 94.0 89.0 85.0 84.0 82.0 80.0 76.0 72.0 70.0 70.0 70.0 67.0 65.0 68.0 73.0 82.0 96.0 223.0 245.0 247.0 248.0 250.0 251.0 252.0 252.0 251.0 250.0 248.0 248.0 250.0 252.0 254.0 258.0 267.0 283.0 350.0 54.0 56.0 57.0 59.0 60.0 66.0 71.0 73.0 72.0 70.0 68.0 62.0 55.0 51.0 49.0 50.0 51.0 48.0 45.0
51.0 3.0 323.0 326.0 349.0 360.0 360.0 352.0 338.0 334.0 350.0 17.0 41.0 69.0 82.0 94.0 98.0 124.0 153.0 135.0 124.0 118.0 111.0 110.0 107.0 100.0 92.0 85.0 82.0 82.0 82.0 80.0 78.0 76.0 75.0 74.0 73.0 71.0 74.0 82.0 91.0 95.0 98.0 214.0 253.0 251.0 249.0 250.0 249.0 249.0 249.0 248.0 247.0 246.0 246.0 246.0 245.0 243.0 244.0 247.0 250.0 234.0 80.0 62.0 60.0 64.0 69.0 76.0 79.0 79.0 75.0 70.0 64.0 56.0 49.0 46.0 46.0 47.0 45.0 43.0 43.0
41.0 333.0 316.0 319.0 334.0 352.0 358.0 353.0 345.0 349.0 9.0 35.0 45.0 56.0 68.0 74.0 79.0 90.0 117.0 118.0 114.0 112.0 106.0 102.0 104.0 99.0 91.0 85.0 83.0 82.0 82.0 80.0 77.0 74.0 72.0 73.0 72.0 72.0 76.0 83.0 89.0 92.0 95.0 180.0 252.0 248.0 247.0 248.0 247.0 247.0 247.0 247.0 244.0 244.0 245.0 243.0 240.0 239.0 240.0 244.0 246.0 237.0 90.0 55.0 62.0 69.0 72.0 77.0 79.0 78.0 74.0 67.0 61.0 53.0 46.0 45.0 45.0 43.0 40.0 42.0 47.0
9.0 317.0 307.0 309.0 321.0 343.0 353.0 351.0 351.0 357.0 17.0 34.0 37.0 49.0 65.0 70.0 74.0 77.0 90.0 101.0 103.0 103.0 104.0 100.0 98.0 97.0 95.0 89.0 83.0 78.0 74.0 71.0 68.0 65.0 66.0 67.0 66.0 66.0 67.0 70.0 71.0 71.0 72.0 80.0 243.0 240.0 241.0 244.0 244.0 245.0 246.0 244.0 243.0 242.0 240.0 238.0 237.0 237.0 241.0 246.0 248.0 245.0 217.0 72.0 71.0 70.0 67.0 69.0 72.0 72.0 69.0 62.0 57.0 51.0 45.0 44.0 40.0 34.0 32.0 37.0 44.0
360.0 306.0 302.0 307.0 318.0 338.0 347.0 350.0 357.0 3.0 18.0 31.0 32.0 42.0 54.0 61.0 68.0 76.0 86.0 93.0 99.0 100.0 99.0 99.0 96.0 93.0 93.0 90.0 85.0 78.0 72.0 66.0 59.0 57.0 60.0 61.0 60.0 59.0 60.0 60.0 58.0 56.0 56.0 64.0 233.0 236.0 236.0 241.0 243.0 245.0 245.0 242.0 240.0 238.0 236.0 235.0 236.0 239.0 243.0 247.0 248.0 242.0 219.0 180.0 81.0 67.0 58.0 61.0 67.0 68.0 64.0 58.0 54.0 49.0 44.0 41.0 35.0 27.0 25.0 34.0 42.0
360.0 300.0 295.0 300.0 315.0 336.0 340.0 349.0 360.0 6.0 17.0 23.0 29.0 42.0 55.0 64.0 72.0 79.0 87.0 93.0 96.0 93.0 90.0 90.0 90.0 88.0 87.0 87.0 84.0 79.0 73.0 64.0 56.0 55.0 57.0 59.0 59.0 59.0 61.0 60.0 57.0 57.0 59.0 61.0 58.0 221.0 230.0 242.0 243.0 242.0 240.0 238.0 237.0 235.0 233.0 233.0 234.0 237.0 241.0 244.0 246.0 238.0 218.0 204.0 125.0 72.0 57.0 63.0 69.0 69.0 64.0 58.0 54.0 48.0 43.0 39.0 32.0 23.0 23.0 35.0 46.0
352.0 297.0 286.0 285.0 295.0 320.0 329.0 344.0 357.0 3.0 12.0 18.0 27.0 45.0 58.0 63.0 67.0 72.0 79.0 84.0 81.0 79.0 81.0 79.0 75.0 74.0 74.0 74.0 74.0 71.0 65.0 60.0 55.0 54.0 57.0 60.0 61.0 63.0 66.0 67.0 67.0 67.0 66.0 62.0 64.0 117.0 234.0 244.0 241.0 237.0 236.0 235.0 234.0 232.0 230.0 230.0 231.0 232.0 233.0 234.0 233.0 222.0 206.0 200.0 181.0 151.0 119.0 94.0 86.0 80.0 72.0 63.0 57.0 51.0 44.0 39.0 31.0 24.0 27.0 42.0 55.0
331.0 303.0 292.0 286.0 287.0 300.0 315.0 333.0 349.0 358.0 9.0 18.0 27.0 45.0 57.0 61.0 63.0 69.0 79.0 84.0 76.0 66.0 64.0 63.0 63.0 63.0 64.0 62.0 63.0 65.0 62.0 60.0 55.0 54.0 58.0 62.0 64.0 68.0 72.0 75.0 77.0 76.0 73.0 70.0 71.0 76.0 238.0 242.0 236.0 233.0 235.0 235.0 233.0 229.0 227.0 227.0 228.0 228.0 226.0 224.0 221.0 211.0 202.0 199.0 186.0 171.0 159.0 131.0 110.0 94.0 80.0 68.0 60.0 52.0 44.0 40.0 35.0 31.0 37.0 54.0 63.0
313.0 299.0 288.0 281.0 283.0 294.0 307.0 326.0 342.0 353.0 7.0 15.0 23.0 41.0 52.0 55.0 56.0 63.0 73.0 77.0 69.0 55.0 55.0 56.0 56.0 60.0 61.0 55.0 57.0 59.0 59.0 58.0 53.0 52.0 56.0 61.0 64.0 68.0 72.0 75.0 75.0 74.0 73.0 72.0 72.0 77.0 144.0 240.0 231.0 231.0 234.0 234.0 231.0 227.0 223.0 224.0 226.0 224.0 221.0 219.0 216.0 209.0 205.0 202.0 188.0 172.0 163.0 143.0 122.0 104.0 85.0 71.0 62.0 53.0 46.0 44.0 40.0 40.0 46.0 58.0 63.0
290.0 273.0 272.0 277.0 284.0 297.0 310.0 327.0 342.0 349.0 360.0 9.0 18.0 31.0 39.0 38.0 39.0 45.0 50.0 45.0 35.0 33.0 48.0 54.0 50.0 54.0 54.0 52.0 56.0 58.0 56.0 53.0 50.0 48.0 53.0 58.0 57.0 58.0 62.0 63.0 62.0 61.0 65.0 68.0 69.0 72.0 71.0 240.0 230.0 232.0 236.0 233.0 228.0 222.0 220.0 222.0 223.0 221.0 218.0 216.0 213.0 209.0 206.0 203.0 190.0 174.0 167.0 153.0 134.0 120.0 106.0 91.0 78.0 68.0 62.0 58.0 51.0 48.0 49.0 56.0 62.0
312.0 261.0 266.0 278.0 291.0 298.0 306.0 324.0 342.0 344.0 354.0 4.0 9.0 18.0 22.0 22.0 29.0 38.0 43.0 39.0 30.0 29.0 42.0 48.0 48.0 52.0 50.0 47.0 51.0 51.0 50.0 48.0 45.0 43.0 50.0 52.0 47.0 49.0 52.0 52.0 52.0 53.0 61.0 66.0 66.0 62.0 54.0 34.0 219.0 231.0 235.0 229.0 222.0 219.0 218.0 219.0 220.0 219.0 216.0 213.0 210.0 207.0 204.0 201.0 191.0 180.0 175.0 162.0 147.0 139.0 131.0 120.0 106.0 91.0 81.0 75.0 69.0 55.0 48.0 55.0 63.0
18.0 289.0 275.0 278.0 287.0 294.0 299.0 315.0 339.0 342.0 349.0 354.0 357.0 6.0 10.0 14.0 30.0 44.0 49.0 46.0 38.0 38.0 47.0 50.0 51.0 50.0 47.0 45.0 47.0 48.0 48.0 47.0 43.0 43.0 48.0 47.0 43.0 46.0 51.0 51.0 52.0 56.0 63.0 66.0 63.0 58.0 53.0 54.0 114.0 227.0 231.0 223.0 218.0 217.0 217.0 216.0 217.0 216.0 212.0 209.0 207.0 204.0 201.0 197.0 192.0 189.0 185.0 172.0 157.0 151.0 147.0 138.0 125.0 109.0 98.0 88.0 75.0 54.0 47.0 59.0 66.0
31.0 315.0 292.0 289.0 289.0 289.0 290.0 294.0 315.0 329.0 338.0 340.0 343.0 357.0 5.0 20.0 51.0 63.0 64.0 59.0 52.0 56.0 61.0 57.0 51.0 48.0 48.0 45.0 49.0 55.0 56.0 54.0 52.0 50.0 51.0 51.0 49.0 55.0 59.0 57.0 57.0 61.0 64.0 61.0 54.0 54.0 56.0 60.0 69.0 208.0 227.0 220.0 219.0 218.0 215.0 213.0 213.0 211.0 207.0 206.0 205.0 200.0 196.0 194.0 193.0 194.0 192.0 181.0 168.0 163.0 164.0 163.0 156.0 143.0 129.0 117.0 105.0 93.0 87.0 84.0 81.0
27.0 338.0 305.0 301.0 300.0 292.0 279.0 267.0 270.0 288.0 307.0 306.0 301.0 135.0 153.0 129.0 104.0 93.0 83.0 73.0 68.0 70.0 67.0 58.0 52.0 51.0 51.0 48.0 54.0 62.0 63.0 63.0 63.0 60.0 60.0 62.0 66.0 71.0 68.0 62.0 61.0 63.0 62.0 56.0 51.0 52.0 55.0 61.0 71.0 94.0 224.0 220.0 220.0 217.0 212.0 210.0 207.0 203.0 202.0 204.0 202.0 195.0 190.0 190.0 192.0 196.0 195.0 186.0 176.0 172.0 175.0 177.0 173.0 167.0 155.0 146.0 146.0 144.0 138.0 115.0 97.0
