data/output/elevation_zonal max.txt
ncols         180
nrows         180
xllcorner     0.0
yllcorner     0.0
cellsize      20.0
NODATA_value  -9999.0
[rows 52 to 77 of 180, columns 118 to 176 of 180]
849.4775999999999 846.7344 843.9911999999999 842.1623999999999 839.4192 837.5904 835.7616 833.0183999999999 829.3607999999999 826.6176 822.0455999999999 817.4736 812.9015999999999 808.3296 803.7575999999999 800.0999999999999 797.3568 796.4423999999999 796.4423999999999 798.2711999999999 801.9287999999999 806.5008 811.9872 817.4736 822.0455999999999 826.6176 829.3607999999999 832.104 831.1895999999999 830.2752 828.4464 823.8743999999999 817.4736 812.9015999999999 810.1584 809.1524999999999 808.3296 809.2439999999999 811.9872 815.6448 822.0455999999999 830.2752 836.6759999999999 843.0768 848.5632 853.1351999999999 857.7072000000001 862.2792 867.7656 0.0 0.0 886.0536 895.1976 904.3416 913.4856 921.7152000000001 929.0304000000001 935.4312 941.8320000000001
848.5632 844.9056 842.1623999999999 839.4192 837.5904 834.8471999999999 832.104 829.3607999999999 826.6176 823.8743999999999 819.3024 815.6448 811.0727999999999 806.5008 802.8432 798.2711999999999 795.528 793.6992 792.7847999999999 794.6135999999999 797.3568 800.0999999999999 805.5863999999999 811.0727999999999 815.6448 820.2167999999999 823.8743999999999 826.6176 826.6176 825.7031999999999 824.7888 820.2167999999999 814.7303999999999 810.1584 807.4151999999999 805.5863999999999 804.672 807.4151999999999 810.1584 814.7303999999999 821.1312 828.4464 835.7616 842.1623999999999 847.6487999999999 852.2208 856.7927999999999 861.3648000000001 865.0224000000001 0.0 0.0 881.4816000000001 889.7112 898.8552 907.9992 915.3144 922.6296 929.9448 936.3456000000001
847.6487999999999 843.9911999999999 841.248 837.5904 834.8471999999999 832.104 829.3607999999999 826.6176 823.8743999999999 821.1312 817.4736 813.816 809.2439999999999 805.5863999999999 801.0144 797.3568 794.6135999999999 791.8704 790.0416 790.9559999999999 792.7847999999999 794.6135999999999 799.1856 803.7575999999999 809.2439999999999 812.9015999999999 817.4736 820.2167999999999 821.1312 822.0455999999999 821.1312 817.4736 811.9872 807.4151999999999 805.5863999999999 803.7575999999999 802.8432 804.672 808.3296 812.9015999999999 820.2167999999999 827.5319999999999 834.8471999999999 841.248 846.7344 851.3063999999999 855.8784 859.5360000000001 0.0 0.0 0.0 0.0 885.1392000000001 893.3688 901.5984000000001 908.9136000000001 916.2288000000001 923.5440000000001 929.9448
847.6487999999999 843.9911999999999 840.3335999999999 836.6759999999999 833.0183999999999 830.2752 826.6176 823.8743999999999 821.1312 818.3879999999999 814.7303999999999 811.0727999999999 807.4151999999999 803.7575999999999 799.1856 795.528 792.7847999999999 790.0416 788.2128 788.2128 789.1271999999999 790.0416 793.6992 799.1856 803.7575999999999 807.4151999999999 811.9872 814.7303999999999 816.5591999999999 817.4736 816.5591999999999 813.816 809.2439999999999 805.5863999999999 802.8432 800.0999999999999 801.0144 802.8432 806.5008 811.0727999999999 818.3879999999999 825.7031999999999 833.0183999999999 839.4192 844.9056 850.392 854.0496 0.0 0.0 0.0 0.0 0.0 879.6528000000001 887.8824 895.1976 902.5128 909.828 917.1432 923.5440000000001
849.4775999999999 844.9056 840.3335999999999 836.6759999999999 833.0183999999999 829.3607999999999 825.7031999999999 822.0455999999999 819.3024 815.6448 811.9872 808.3296 804.672 801.0144 797.3568 793.6992 790.9559999999999 788.2128 787.2983999999999 0.0 787.2983999999999 788.2128 791.8704 796.4423999999999 801.0144 803.7575999999999 806.5008 809.2439999999999 810.1584 811.9872 811.9872 809.2439999999999 805.5863999999999 801.9287999999999 799.1856 796.4423999999999 797.3568 799.1856 803.7575999999999 808.3296 815.6448 822.96 830.2752 836.6759999999999 843.0768 848.5632 0.0 0.0 0.0 0.0 0.0 0.0 0.0 882.396 888.7968000000001 896.1120000000001 902.5128 908.9136000000001 915.3144
851.3063999999999 846.7344 841.248 836.6759999999999 833.0183999999999 828.4464 823.8743999999999 820.2167999999999 816.5591999999999 812.9015999999999 809.2439999999999 805.5863999999999 801.9287999999999 798.2711999999999 794.6135999999999 790.9559999999999 789.1271999999999 787.2983999999999 0.0 0.0 786.384 788.2128 791.8704 796.4423999999999 800.0999999999999 801.9287999999999 801.9287999999999 802.8432 804.672 806.5008 807.4151999999999 804.672 801.0144 798.2711999999999 796.4423999999999 791.8704 792.7847999999999 796.4423999999999 800.0999999999999 805.5863999999999 812.9015999999999 820.2167999999999 827.5319999999999 833.9328 840.3335999999999 0.0 0.0 0.0 0.0 0.0 0.0 0.0 0.0 877.8240000000001 882.396 888.7968000000001 895.1976 900.684 906.1704
852.2208 847.6487999999999 842.1623999999999 837.5904 832.104 827.5319999999999 822.96 818.3879999999999 814.7303999999999 810.1584 806.5008 802.8432 799.1856 795.528 791.8704 789.1271999999999 787.2983999999999 785.4695999999999 0.0 0.0 785.4695999999999 787.2983999999999 790.9559999999999 795.528 798.2711999999999 799.1856 801.0144 801.9287999999999 800.0999999999999 801.9287999999999 802.8432 800.0999999999999 797.3568 794.6135999999999 792.7847999999999 789.1271999999999 790.0416 792.7847999999999 797.3568 802.8432 809.2439999999999 817.4736 824.7888 831.1895999999999 837.5904 0.0 0.0 0.0 0.0 0.0 0.0 0.0 0.0 0.0 876.9096 881.4816000000001 886.9680000000001 892.4544000000001 897.9408000000001
852.2208 846.7344 842.1623999999999 836.6759999999999 831.1895999999999 826.6176 821.1312 816.5591999999999 811.9872 807.4151999999999 803.7575999999999 800.0999999999999 796.4423999999999 792.7847999999999 789.1271999999999 786.384 785.4695999999999 784.5552 0.0 784.5552 785.4695999999999 787.2983999999999 790.0416 794.6135999999999 798.2711999999999 798.2711999999999 799.1856 800.0999999999999 799.1856 799.1856 800.0999999999999 797.3568 793.6992 790.9559999999999 788.2128 786.384 785.4695999999999 789.1271999999999 793.6992 799.1856 806.5008 813.816 821.1312 828.4464 834.8471999999999 0.0 0.0 0.0 0.0 0.0 0.0 0.0 0.0 0.0 0.0 875.9952000000001 880.5672 885.1392000000001 889.7112
850.392 845.8199999999999 841.248 835.7616 830.2752 824.7888 819.3024 814.7303999999999 809.2439999999999 804.672 800.0999999999999 796.4423999999999 792.7847999999999 790.0416 787.2983999999999 784.5552 783.6407999999999 783.6407999999999 0.0 784.5552 784.5552 786.384 790.0416 793.6992 797.3568 798.2711999999999 798.2711999999999 798.2711999999999 798.2711999999999 798.2711999999999 797.3568 794.6135999999999 790.9559999999999 787.2983999999999 784.5552 782.7264 781.8119999999999 785.4695999999999 790.0416 795.528 802.8432 810.1584 818.3879999999999 824.7888 832.104 838.5047999999999 0.0 0.0 0.0 0.0 0.0 0.0 0.0 0.0 0.0 0.0 873.252 876.9096 881.4816000000001
848.5632 843.9911999999999 839.4192 833.9328 828.4464 822.96 817.4736 811.9872 537.6672 534.6192 531.5712 793.6992 790.0416 787.2983999999999 784.5552 781.8119999999999 781.8119999999999 781.8119999999999 782.7264 783.6407999999999 784.5552 785.4695999999999 789.1271999999999 792.7847999999999 795.528 797.3568 798.2711999999999 798.2711999999999 797.3568 796.4423999999999 795.528 791.8704 787.2983999999999 783.6407999999999 780.8976 778.1543999999999 779.0688 781.8119999999999 786.384 791.8704 799.1856 806.5008 814.7303999999999 822.0455999999999 829.3607999999999 835.7616 840.3335999999999 0.0 0.0 0.0 0.0 0.0 0.0 0.0 0.0 0.0 0.0 870.5088000000001 874.1664000000001
843.0768 838.5047999999999 833.9328 829.3607999999999 824.7888 818.3879999999999 812.9015999999999 538.8864 535.2288 532.1808 529.7424 790.0416 787.2983999999999 784.5552 781.8119999999999 779.9831999999999 779.9831999999999 780.8976 781.8119999999999 781.8119999999999 782.7264 783.6407999999999 787.2983999999999 790.0416 792.7847999999999 793.6992 794.6135999999999 794.6135999999999 793.6992 792.7847999999999 790.9559999999999 787.2983999999999 782.7264 779.0688 777.24 774.4967999999999 776.7828 779.0688 782.7264 788.2128 795.528 802.8432 811.0727999999999 818.3879999999999 825.7031999999999 832.104 836.6759999999999 840.3335999999999 0.0 0.0 0.0 0.0 0.0 0.0 0.0 0.0 0.0 863.1936000000001 866.8512000000001
836.6759999999999 833.0183999999999 829.3607999999999 824.7888 819.3024 814.7303999999999 539.496 536.448 533.4 530.352 527.304 787.2983999999999 783.6407999999999 780.8976 779.0688 777.24 777.24 779.0688 779.9831999999999 780.8976 780.8976 782.7264 784.5552 788.2128 790.0416 790.0416 790.0416 789.1271999999999 788.2128 787.2983999999999 785.4695999999999 781.8119999999999 778.1543999999999 774.4967999999999 772.6679999999999 771.7536 772.2108 775.4112 779.9831999999999 784.5552 791.8704 799.1856 807.4151999999999 814.7303999999999 822.0455999999999 828.4464 833.0183999999999 837.5904 841.248 0.0 0.0 0.0 0.0 0.0 0.0 0.0 0.0 0.0 859.5360000000001
829.3607999999999 825.7031999999999 822.96 819.3024 814.7303999999999 539.496 536.448 533.4 530.9616 527.9136 525.4752 783.6407999999999 780.8976 778.1543999999999 776.3255999999999 774.4967999999999 775.4112 777.24 778.1543999999999 779.0688 779.9831999999999 780.8976 782.7264 785.4695999999999 787.2983999999999 786.384 785.4695999999999 783.6407999999999 782.7264 781.8119999999999 779.9831999999999 777.24 773.5824 769.9248 769.0103999999999 769.0103999999999 769.4676 772.6679999999999 776.3255999999999 780.8976 788.2128 796.4423999999999 803.7575999999999 811.0727999999999 818.3879999999999 824.7888 830.2752 834.8471999999999 838.5047999999999 0.0 0.0 0.0 0.0 0.0 0.0 0.0 0.0 0.0 852.2208
820.2167999999999 817.4736 814.7303999999999 811.9872 538.8864 535.8384 532.7904 530.352 527.9136 525.4752 523.0368 520.5984 778.1543999999999 775.4112 773.5824 772.6679999999999 773.5824 775.4112 776.3255999999999 777.24 778.1543999999999 779.0688 780.8976 782.7264 783.6407999999999 782.7264 780.8976 779.0688 778.1543999999999 776.3255999999999 775.4112 771.7536 768.096 765.3528 765.3528 765.3528 766.2672 769.9248 773.5824 778.1543999999999 785.4695999999999 793.6992 801.0144 808.3296 815.6448 822.0455999999999 827.5319999999999 832.104 835.7616 840.3335999999999 0.0 0.0 0.0 0.0 0.0 0.0 0.0 0.0 848.5632
809.2439999999999 807.4151999999999 806.5008 535.8384 534.0096 531.5712 529.7424 527.304 525.4752 523.6464 521.208 519.3792 517.5504 773.5824 771.7536 770.8391999999999 771.7536 772.6679999999999 774.4967999999999 775.4112 776.3255999999999 777.24 778.1543999999999 779.9831999999999 780.8976 779.0688 777.24 774.4967999999999 772.6679999999999 771.7536 769.9248 766.2672 763.524 760.7808 760.7808 761.6952 763.524 767.1816 771.7536 776.3255999999999 783.6407999999999 790.9559999999999 798.2711999999999 805.5863999999999 811.9872 818.3879999999999 823.8743999999999 829.3607999999999 833.9328 837.5904 0.0 0.0 0.0 0.0 0.0 0.0 0.0 845.8199999999999 844.9056
799.1856 799.1856 531.5712 530.9616 529.7424 527.9136 526.0848 524.8656 523.0368 521.208 519.3792 517.5504 516.3312 514.5024 769.9248 769.0103999999999 769.0103999999999 769.9248 770.8391999999999 771.7536 772.6679999999999 773.5824 774.4967999999999 775.4112 775.4112 773.5824 771.7536 769.0103999999999 767.1816 765.3528 763.524 761.6952 758.0376 756.2088 757.1232 758.0376 760.7808 764.4384 769.0103999999999 773.5824 780.8976 788.2128 795.528 801.9287999999999 809.2439999999999 815.6448 821.1312 826.6176 831.1895999999999 835.7616 0.0 0.0 0.0 0.0 0.0 0.0 0.0 843.9911999999999 842.1623999999999
790.9559999999999 527.304 527.304 526.6944 526.0848 524.8656 523.6464 522.4272 521.8176 520.5984 518.7696 517.5504 515.7216 514.5024 513.2832 512.064 767.1816 766.2672 766.2672 766.2672 766.2672 767.1816 767.1816 766.2672 766.2672 764.4384 761.6952 759.8664 758.952 758.0376 757.1232 755.2944 753.4656 752.5512 753.4656 755.2944 758.0376 761.6952 766.2672 770.8391999999999 778.1543999999999 785.4695999999999 792.7847999999999 799.1856 805.5863999999999 811.9872 817.4736 823.8743999999999 829.3607999999999 833.9328 558.3936 0.0 0.0 0.0 0.0 0.0 0.0 843.0768 841.248
521.8176 522.4272 522.4272 522.4272 522.4272 521.8176 521.8176 521.208 519.9888 519.3792 518.16 517.5504 516.3312 514.5024 513.2832 511.4544 510.2352 762.6096 760.7808 759.8664 758.952 758.0376 757.1232 756.2088 755.2944 753.4656 751.6368 749.808 749.808 749.808 749.808 749.808 748.8936 748.8936 750.7224 752.5512 755.2944 758.952 763.524 768.096 775.4112 782.7264 790.0416 796.4423999999999 802.8432 808.3296 814.7303999999999 820.2167999999999 826.6176 831.1895999999999 557.1744 559.6128 0.0 0.0 0.0 0.0 844.9056 843.0768 840.3335999999999
516.9408 517.5504 518.16 518.7696 519.3792 519.3792 519.3792 519.3792 519.3792 518.7696 518.16 517.5504 516.3312 515.112 513.2832 511.4544 509.016 506.5776 504.7488 755.2944 0.0 751.6368 749.808 747.9792 746.1504 744.3216 742.4928 741.5784 742.4928 743.4072 744.3216 744.3216 745.236 746.1504 747.9792 749.808 752.5512 756.2088 759.8664 765.3528 771.7536 779.9831999999999 787.2983999999999 793.6992 799.1856 804.672 811.0727999999999 817.4736 822.96 552.2976 555.9552 558.3936 0.0 0.0 0.0 0.0 844.9056 843.9911999999999 840.3335999999999
513.2832 514.5024 515.7216 516.3312 517.5504 518.16 518.7696 518.7696 519.0744 519.3792 518.7696 518.16 517.5504 516.3312 515.112 513.2832 510.8448 508.4064 505.968 503.5296 501.7008 0.0 0.0 745.236 742.4928 741.5784 739.7496 738.8352 738.8352 739.7496 739.7496 740.664 741.5784 742.4928 745.236 747.0648 749.808 753.4656 757.1232 761.6952 768.096 775.4112 782.7264 789.1271999999999 794.6135999999999 800.0999999999999 806.5008 812.9015999999999 546.2016 550.4688 554.1264 557.1744 559.6128 0.0 0.0 845.8199999999999 844.9056 843.9911999999999 841.248
510.2352 511.4544 513.2832 514.5024 515.7216 516.9408 518.16 518.7696 519.3792 519.3792 519.3792 519.3792 778.1543999999999 776.3255999999999 516.9408 515.7216 513.2832 510.8448 507.7968 505.3584 502.3104 499.2624 497.4336 0.0 0.0 0.0 0.0 737.9208 737.0064 737.0064 737.0064 737.9208 738.8352 0.0 741.5784 744.3216 747.0648 750.7224 753.4656 757.1232 763.524 770.8391999999999 778.1543999999999 783.6407999999999 790.0416 795.528 534.6192 539.496 543.7632 548.0304 552.2976 555.9552 558.3936 0.0 0.0 844.9056 845.8199999999999 844.9056 843.0768
507.7968 509.6256 511.4544 513.2832 514.5024 516.3312 517.5504 518.7696 519.3792 519.9888 519.9888 520.5984 779.9831999999999 779.9831999999999 779.0688 777.24 516.3312 513.8928 511.4544 507.7968 503.5296 500.4816 498.0432 496.2144 494.9952 0.0 0.0 0.0 0.0 0.0 735.1776 735.1776 0.0 0.0 738.8352 741.5784 744.3216 747.0648 749.808 753.4656 759.8664 766.2672 773.5824 779.0688 785.4695999999999 527.304 532.1808 537.0576 541.3248 545.592 549.8592 554.1264 557.1744 0.0 0.0 844.9056 845.8199999999999 845.8199999999999 843.9911999999999
506.5776 508.4064 510.2352 512.064 513.8928 515.7216 517.5504 518.7696 519.9888 521.208 521.8176 522.4272 522.4272 784.5552 783.6407999999999 783.6407999999999 781.8119999999999 779.0688 516.9408 513.2832 509.016 504.7488 501.7008 498.6528 496.2144 494.3856 493.1664 491.9472 0.0 0.0 0.0 0.0 0.0 735.1776 737.0064 738.8352 741.5784 744.3216 747.0648 750.7224 756.2088 762.6096 768.096 774.4967999999999 779.9831999999999 524.256 529.1328 534.6192 539.496 543.7632 548.0304 551.688 555.3456 558.3936 0.0 843.9911999999999 845.8199999999999 846.7344 845.8199999999999
505.968 507.7968 509.6256 512.064 513.8928 515.7216 518.16 519.3792 521.208 522.4272 523.6464 524.8656 525.4752 526.0848 526.6944 526.6944 526.0848 788.2128 785.4695999999999 519.9888 515.112 510.2352 505.968 501.7008 498.0432 495.6048 493.776 492.5568 491.3376 490.1184 0.0 0.0 0.0 732.4344 734.2632 736.092 738.8352 741.5784 744.3216 747.9792 752.5512 758.0376 763.524 769.0103999999999 774.4967999999999 780.8976 526.0848 532.1808 537.6672 541.9344 544.9824 548.64 552.9072 557.1744 841.248 843.9911999999999 845.8199999999999 846.7344 846.7344
504.7488 507.1872 509.016 511.4544 513.8928 516.3312 518.16 520.5984 522.4272 524.256 526.0848 527.304 528.5232 529.7424 530.352 531.5712 531.5712 530.9616 794.6135999999999 789.1271999999999 781.8119999999999 516.3312 510.8448 505.3584 500.4816 497.4336 495.6048 493.1664 491.9472 490.1184 488.8992 0.0 0.0 731.52 732.4344 734.2632 736.092 738.8352 741.5784 744.3216 748.8936 753.4656 758.0376 763.524 769.0103999999999 775.4112 784.5552 529.1328 535.2288 538.8864 541.9344 545.592 550.4688 555.3456 838.5047999999999 842.1623999999999 844.9056 846.7344 847.6487999999999
504.1392 506.5776 509.016 512.064 514.5024 516.9408 519.3792 521.8176 524.8656 526.6944 528.5232 530.352 531.5712 533.4 534.6192 535.8384 535.8384 535.8384 534.6192 796.4423999999999 790.0416 783.6407999999999 516.9408 510.8448 505.3584 501.0912 498.0432 494.9952 493.1664 491.3376 489.5088 488.8992 487.68 0.0 731.52 732.4344 733.3488 735.1776 737.9208 740.664 745.236 748.8936 753.4656 758.0376 762.6096 768.096 777.24 786.384 529.7424 534.0096 537.6672 541.3248 546.2016 551.0784 555.3456 837.5904 841.248 843.9911999999999 846.7344
