data/output/elevation_aspect.txt
ncols         180
nrows         180
xllcorner     0.0
yllcorner     0.0
cellsize      20.0
NODATA_value  -9999.0
[rows 72 to 107 of 180, columns 0 to 80 of 180]
-9999.0 155.0 141.0 144.0 154.0 160.0 162.0 168.0 168.0 168.0 170.0 167.0 166.0 157.0 150.0 146.0 135.0 124.0 113.0 102.0 88.0 81.0 76.0 69.0 66.0 65.0 66.0 68.0 68.0 69.0 67.0 60.0 54.0 53.0 59.0 70.0 72.0 74.0 93.0 138.0 293.0 270.0 82.0 74.0 59.0 59.0 56.0 53.0 57.0 62.0 56.0 45.0 45.0 47.0 86.0 195.0 206.0 187.0 180.0 179.0 179.0 180.0 180.0 174.0 152.0 135.0 119.0 89.0 75.0 66.0 66.0 50.0 51.0 56.0 48.0 48.0 47.0 52.0 52.0 45.0 36.0
-9999.0 157.0 146.0 146.0 153.0 156.0 158.0 170.0 169.0 164.0 165.0 164.0 164.0 158.0 153.0 150.0 144.0 135.0 123.0 114.0 106.0 98.0 90.0 84.0 83.0 83.0 81.0 78.0 77.0 76.0 72.0 67.0 63.0 63.0 69.0 75.0 76.0 71.0 60.0 38.0 310.0 356.0 74.0 67.0 55.0 55.0 49.0 49.0 56.0 56.0 45.0 39.0 45.0 33.0 28.0 32.0 14.0 126.0 159.0 174.0 173.0 180.0 181.0 182.0 168.0 143.0 104.0 79.0 63.0 52.0 62.0 51.0 45.0 56.0 51.0 48.0 50.0 54.0 52.0 45.0 36.0
-9999.0 162.0 149.0 146.0 153.0 154.0 152.0 167.0 168.0 163.0 162.0 158.0 158.0 153.0 148.0 148.0 144.0 138.0 132.0 124.0 116.0 110.0 107.0 106.0 101.0 94.0 90.0 90.0 88.0 83.0 77.0 74.0 74.0 80.0 81.0 75.0 66.0 50.0 55.0 46.0 335.0 16.0 53.0 52.0 51.0 51.0 45.0 52.0 55.0 49.0 37.0 36.0 40.0 24.0 28.0 29.0 13.0 33.0 47.0 60.0 90.0 135.0 180.0 164.0 164.0 270.0 26.0 46.0 45.0 45.0 66.0 62.0 45.0 57.0 48.0 48.0 53.0 57.0 58.0 48.0 31.0
-9999.0 163.0 153.0 146.0 153.0 159.0 157.0 163.0 163.0 163.0 163.0 158.0 158.0 153.0 145.0 145.0 146.0 139.0 135.0 127.0 119.0 117.0 115.0 112.0 107.0 100.0 96.0 92.0 88.0 84.0 80.0 75.0 75.0 79.0 75.0 67.0 58.0 47.0 55.0 34.0 351.0 32.0 45.0 45.0 51.0 51.0 45.0 48.0 48.0 42.0 34.0 37.0 37.0 30.0 39.0 36.0 31.0 45.0 45.0 45.0 36.0 51.0 108.0 144.0 315.0 299.0 352.0 45.0 45.0 45.0 57.0 35.0 23.0 51.0 49.0 48.0 53.0 57.0 55.0 39.0 18.0
-9999.0 152.0 146.0 139.0 143.0 153.0 153.0 159.0 159.0 159.0 159.0 153.0 152.0 151.0 143.0 139.0 146.0 143.0 135.0 127.0 119.0 116.0 108.0 101.0 97.0 92.0 88.0 84.0 80.0 75.0 72.0 66.0 67.0 66.0 63.0 61.0 55.0 49.0 45.0 32.0 18.0 36.0 45.0 45.0 48.0 45.0 39.0 39.0 42.0 36.0 29.0 36.0 34.0 33.0 36.0 34.0 29.0 36.0 45.0 45.0 42.0 50.0 45.0 16.0 307.0 256.0 225.0 45.0 45.0 45.0 45.0 25.0 32.0 49.0 41.0 38.0 45.0 47.0 41.0 24.0 6.0
-9999.0 129.0 125.0 126.0 129.0 135.0 135.0 142.0 148.0 153.0 153.0 146.0 140.0 140.0 139.0 135.0 143.0 149.0 140.0 126.0 113.0 108.0 101.0 90.0 82.0 79.0 75.0 72.0 68.0 63.0 59.0 56.0 58.0 57.0 57.0 54.0 49.0 45.0 41.0 39.0 34.0 40.0 50.0 45.0 39.0 34.0 32.0 34.0 37.0 32.0 27.0 36.0 36.0 31.0 34.0 33.0 30.0 39.0 45.0 45.0 45.0 47.0 32.0 25.0 37.0 243.0 232.0 234.0 45.0 45.0 45.0 45.0 53.0 40.0 29.0 28.0 34.0 37.0 27.0 12.0 1.0
-9999.0 119.0 108.0 115.0 129.0 135.0 135.0 135.0 135.0 142.0 148.0 146.0 141.0 130.0 126.0 127.0 135.0 146.0 141.0 125.0 110.0 105.0 100.0 90.0 81.0 78.0 74.0 70.0 63.0 57.0 56.0 56.0 56.0 55.0 52.0 47.0 45.0 41.0 37.0 37.0 38.0 45.0 49.0 42.0 32.0 27.0 32.0 37.0 34.0 32.0 34.0 42.0 39.0 34.0 41.0 41.0 40.0 45.0 45.0 45.0 45.0 45.0 25.0 27.0 42.0 360.0 304.0 252.0 239.0 38.0 45.0 31.0 27.0 18.0 16.0 17.0 21.0 26.0 19.0 7.0 359.0
-9999.0 117.0 101.0 94.0 90.0 90.0 90.0 90.0 90.0 90.0 90.0 90.0 90.0 90.0 93.0 100.0 108.0 117.0 117.0 108.0 97.0 83.0 76.0 76.0 74.0 68.0 64.0 61.0 54.0 51.0 50.0 48.0 45.0 45.0 43.0 41.0 41.0 36.0 32.0 31.0 32.0 38.0 42.0 35.0 27.0 27.0 36.0 40.0 34.0 34.0 40.0 42.0 36.0 39.0 45.0 45.0 45.0 45.0 45.0 45.0 37.0 27.0 14.0 24.0 30.0 17.0 31.0 333.0 307.0 337.0 11.0 360.0 360.0 4.0 3.0 3.0 10.0 21.0 16.0 4.0 356.0
-9999.0 82.0 77.0 69.0 52.0 45.0 45.0 45.0 45.0 45.0 45.0 45.0 45.0 62.0 75.0 77.0 72.0 63.0 63.0 72.0 69.0 62.0 63.0 59.0 54.0 53.0 51.0 48.0 45.0 42.0 40.0 38.0 36.0 37.0 37.0 37.0 35.0 28.0 23.0 23.0 29.0 34.0 36.0 32.0 29.0 33.0 36.0 36.0 34.0 34.0 37.0 38.0 37.0 45.0 48.0 45.0 45.0 45.0 45.0 40.0 27.0 24.0 18.0 27.0 36.0 31.0 45.0 360.0 315.0 336.0 354.0 345.0 347.0 356.0 357.0 351.0 3.0 16.0 7.0 360.0 354.0
-9999.0 56.0 66.0 58.0 45.0 38.0 32.0 34.0 39.0 45.0 45.0 45.0 45.0 65.0 73.0 68.0 62.0 53.0 45.0 56.0 56.0 56.0 59.0 45.0 41.0 45.0 45.0 45.0 42.0 36.0 34.0 35.0 36.0 36.0 37.0 35.0 31.0 25.0 18.0 20.0 28.0 34.0 36.0 36.0 36.0 39.0 38.0 31.0 29.0 32.0 35.0 38.0 45.0 53.0 54.0 53.0 53.0 49.0 40.0 36.0 28.0 27.0 24.0 29.0 45.0 45.0 45.0 349.0 315.0 331.0 345.0 342.0 342.0 347.0 346.0 345.0 357.0 2.0 354.0 355.0 354.0
-9999.0 54.0 61.0 52.0 38.0 24.0 21.0 30.0 40.0 45.0 45.0 45.0 45.0 63.0 68.0 68.0 72.0 54.0 36.0 51.0 45.0 45.0 45.0 31.0 37.0 41.0 38.0 39.0 36.0 34.0 34.0 34.0 35.0 33.0 34.0 32.0 28.0 24.0 20.0 22.0 31.0 40.0 42.0 42.0 42.0 43.0 38.0 27.0 27.0 35.0 40.0 45.0 52.0 55.0 56.0 56.0 53.0 49.0 40.0 35.0 25.0 21.0 25.0 28.0 34.0 32.0 22.0 345.0 326.0 332.0 344.0 344.0 342.0 344.0 342.0 342.0 349.0 351.0 347.0 351.0 350.0
-9999.0 32.0 34.0 34.0 27.0 18.0 13.0 30.0 45.0 45.0 45.0 45.0 45.0 63.0 68.0 70.0 69.0 36.0 18.0 34.0 31.0 33.0 30.0 25.0 34.0 34.0 35.0 39.0 36.0 33.0 31.0 29.0 30.0 29.0 30.0 30.0 28.0 25.0 27.0 30.0 38.0 45.0 43.0 42.0 42.0 42.0 36.0 27.0 27.0 36.0 43.0 50.0 55.0 57.0 58.0 54.0 56.0 63.0 59.0 22.0 10.0 17.0 25.0 32.0 30.0 21.0 9.0 349.0 340.0 338.0 344.0 347.0 342.0 340.0 343.0 343.0 343.0 343.0 343.0 347.0 343.0
-9999.0 18.0 27.0 27.0 25.0 16.0 4.0 27.0 45.0 45.0 45.0 40.0 39.0 58.0 63.0 63.0 54.0 18.0 9.0 21.0 25.0 28.0 25.0 27.0 28.0 29.0 36.0 39.0 32.0 29.0 27.0 26.0 27.0 26.0 27.0 28.0 28.0 27.0 34.0 38.0 40.0 43.0 39.0 40.0 42.0 42.0 36.0 28.0 27.0 34.0 45.0 49.0 50.0 52.0 50.0 47.0 54.0 56.0 35.0 353.0 352.0 11.0 27.0 35.0 24.0 6.0 2.0 353.0 347.0 343.0 343.0 349.0 343.0 338.0 342.0 345.0 347.0 345.0 342.0 340.0 338.0
-9999.0 16.0 25.0 27.0 22.0 9.0 3.0 24.0 38.0 38.0 34.0 29.0 33.0 41.0 48.0 48.0 34.0 15.0 10.0 14.0 16.0 17.0 20.0 24.0 21.0 27.0 34.0 34.0 27.0 24.0 25.0 25.0 23.0 23.0 27.0 27.0 30.0 32.0 38.0 40.0 40.0 40.0 38.0 45.0 49.0 47.0 37.0 28.0 28.0 33.0 38.0 35.0 32.0 31.0 28.0 30.0 32.0 29.0 14.0 355.0 350.0 7.0 27.0 30.0 16.0 360.0 360.0 358.0 353.0 346.0 346.0 349.0 345.0 345.0 344.0 348.0 352.0 349.0 343.0 340.0 338.0
-9999.0 13.0 18.0 22.0 11.0 2.0 7.0 20.0 29.0 31.0 25.0 24.0 27.0 30.0 37.0 35.0 23.0 15.0 11.0 12.0 10.0 5.0 15.0 22.0 20.0 27.0 34.0 31.0 25.0 21.0 22.0 21.0 16.0 21.0 27.0 27.0 32.0 37.0 39.0 39.0 38.0 38.0 40.0 49.0 53.0 49.0 38.0 28.0 26.0 25.0 25.0 23.0 22.0 21.0 18.0 21.0 25.0 24.0 13.0 360.0 356.0 8.0 26.0 27.0 14.0 2.0 2.0 360.0 356.0 350.0 346.0 347.0 346.0 351.0 352.0 353.0 358.0 350.0 345.0 349.0 346.0
-9999.0 5.0 8.0 9.0 5.0 3.0 8.0 20.0 29.0 27.0 25.0 25.0 25.0 31.0 32.0 28.0 23.0 17.0 15.0 13.0 6.0 360.0 12.0 23.0 22.0 27.0 31.0 26.0 23.0 22.0 21.0 18.0 14.0 20.0 27.0 27.0 32.0 37.0 37.0 37.0 39.0 41.0 45.0 52.0 53.0 49.0 37.0 23.0 18.0 18.0 18.0 18.0 18.0 17.0 15.0 19.0 26.0 27.0 17.0 6.0 5.0 13.0 27.0 27.0 16.0 6.0 7.0 2.0 356.0 352.0 344.0 344.0 344.0 352.0 358.0 358.0 360.0 353.0 349.0 357.0 360.0
-9999.0 349.0 342.0 349.0 3.0 9.0 6.0 20.0 31.0 27.0 28.0 29.0 29.0 33.0 27.0 23.0 25.0 21.0 18.0 13.0 360.0 360.0 14.0 23.0 26.0 31.0 27.0 25.0 25.0 22.0 20.0 16.0 12.0 17.0 26.0 29.0 36.0 41.0 41.0 41.0 45.0 49.0 52.0 54.0 54.0 50.0 37.0 23.0 18.0 20.0 22.0 24.0 22.0 18.0 19.0 29.0 38.0 37.0 25.0 15.0 13.0 18.0 30.0 31.0 22.0 13.0 14.0 6.0 358.0 353.0 343.0 338.0 333.0 346.0 360.0 360.0 360.0 356.0 356.0 360.0 15.0
-9999.0 243.0 288.0 315.0 349.0 13.0 10.0 16.0 30.0 27.0 27.0 31.0 28.0 27.0 22.0 17.0 23.0 21.0 20.0 14.0 356.0 360.0 16.0 26.0 31.0 34.0 27.0 27.0 27.0 20.0 18.0 16.0 15.0 17.0 26.0 35.0 40.0 43.0 45.0 47.0 52.0 54.0 54.0 54.0 54.0 55.0 48.0 36.0 40.0 45.0 51.0 56.0 51.0 45.0 45.0 54.0 56.0 49.0 32.0 18.0 16.0 21.0 34.0 37.0 30.0 20.0 18.0 12.0 3.0 360.0 352.0 336.0 323.0 328.0 354.0 356.0 356.0 358.0 360.0 8.0 34.0
-9999.0 245.0 274.0 297.0 330.0 14.0 14.0 14.0 28.0 25.0 27.0 31.0 27.0 23.0 18.0 15.0 21.0 22.0 22.0 13.0 360.0 2.0 17.0 31.0 34.0 34.0 27.0 27.0 27.0 18.0 18.0 18.0 18.0 18.0 27.0 40.0 40.0 43.0 49.0 52.0 54.0 56.0 56.0 54.0 57.0 62.0 58.0 50.0 60.0 72.0 79.0 81.0 79.0 67.0 61.0 62.0 56.0 45.0 28.0 15.0 16.0 27.0 39.0 41.0 36.0 27.0 23.0 20.0 14.0 13.0 360.0 347.0 347.0 331.0 333.0 343.0 346.0 346.0 360.0 29.0 45.0
-9999.0 246.0 264.0 275.0 294.0 14.0 15.0 18.0 34.0 28.0 27.0 30.0 27.0 22.0 17.0 17.0 23.0 29.0 29.0 15.0 8.0 9.0 24.0 38.0 39.0 36.0 29.0 29.0 26.0 21.0 23.0 22.0 22.0 22.0 31.0 45.0 48.0 53.0 59.0 57.0 57.0 61.0 62.0 63.0 67.0 67.0 61.0 58.0 63.0 65.0 72.0 81.0 72.0 56.0 59.0 60.0 57.0 48.0 34.0 22.0 27.0 42.0 50.0 50.0 43.0 33.0 31.0 28.0 25.0 21.0 11.0 9.0 14.0 349.0 333.0 326.0 340.0 343.0 360.0 37.0 45.0
-9999.0 236.0 255.0 253.0 242.0 225.0 360.0 31.0 37.0 24.0 21.0 27.0 25.0 22.0 20.0 22.0 27.0 37.0 41.0 34.0 22.0 22.0 45.0 55.0 49.0 37.0 30.0 31.0 27.0 27.0 27.0 25.0 28.0 31.0 45.0 59.0 61.0 63.0 66.0 63.0 63.0 64.0 64.0 67.0 69.0 68.0 66.0 65.0 68.0 74.0 79.0 81.0 76.0 82.0 81.0 63.0 63.0 59.0 50.0 45.0 45.0 57.0 61.0 56.0 48.0 39.0 35.0 30.0 32.0 34.0 37.0 32.0 5.0 358.0 354.0 332.0 331.0 351.0 7.0 36.0 45.0
-9999.0 238.0 252.0 247.0 243.0 243.0 270.0 360.0 14.0 15.0 13.0 18.0 22.0 20.0 25.0 28.0 31.0 41.0 45.0 40.0 31.0 45.0 68.0 66.0 45.0 30.0 28.0 30.0 30.0 29.0 25.0 30.0 33.0 36.0 53.0 63.0 62.0 63.0 67.0 67.0 67.0 68.0 69.0 69.0 69.0 70.0 72.0 68.0 70.0 75.0 76.0 77.0 84.0 82.0 61.0 63.0 69.0 56.0 45.0 45.0 45.0 59.0 59.0 54.0 48.0 38.0 35.0 34.0 41.0 45.0 45.0 27.0 360.0 360.0 360.0 352.0 338.0 351.0 14.0 33.0 45.0
-9999.0 236.0 252.0 253.0 252.0 252.0 270.0 315.0 352.0 6.0 5.0 18.0 21.0 18.0 32.0 36.0 40.0 45.0 49.0 45.0 45.0 59.0 61.0 52.0 29.0 24.0 34.0 35.0 36.0 32.0 31.0 41.0 41.0 45.0 56.0 59.0 62.0 67.0 70.0 73.0 74.0 75.0 76.0 76.0 76.0 76.0 74.0 68.0 68.0 68.0 63.0 65.0 66.0 45.0 34.0 54.0 61.0 52.0 45.0 45.0 40.0 45.0 49.0 48.0 42.0 32.0 29.0 33.0 42.0 49.0 45.0 22.0 6.0 360.0 360.0 4.0 3.0 2.0 12.0 32.0 45.0
-9999.0 236.0 253.0 257.0 257.0 259.0 270.0 297.0 337.0 360.0 360.0 18.0 22.0 29.0 45.0 45.0 45.0 50.0 54.0 50.0 55.0 56.0 45.0 45.0 36.0 34.0 45.0 45.0 45.0 39.0 40.0 45.0 50.0 59.0 62.0 63.0 69.0 72.0 74.0 77.0 80.0 82.0 83.0 83.0 83.0 81.0 75.0 72.0 73.0 70.0 66.0 66.0 57.0 27.0 27.0 45.0 45.0 45.0 45.0 39.0 30.0 37.0 45.0 42.0 32.0 24.0 22.0 32.0 45.0 54.0 45.0 18.0 15.0 6.0 8.0 22.0 31.0 33.0 28.0 41.0 54.0
-9999.0 240.0 252.0 256.0 264.0 273.0 284.0 301.0 326.0 352.0 360.0 6.0 15.0 27.0 39.0 45.0 50.0 54.0 50.0 50.0 54.0 50.0 45.0 45.0 45.0 34.0 45.0 53.0 45.0 45.0 45.0 50.0 59.0 59.0 58.0 63.0 64.0 66.0 75.0 81.0 84.0 86.0 84.0 83.0 83.0 80.0 74.0 73.0 70.0 54.0 52.0 59.0 54.0 27.0 27.0 45.0 45.0 45.0 38.0 24.0 21.0 36.0 45.0 37.0 27.0 18.0 18.0 35.0 49.0 52.0 42.0 23.0 24.0 18.0 23.0 45.0 45.0 31.0 21.0 39.0 62.0
-9999.0 251.0 260.0 264.0 270.0 279.0 283.0 292.0 315.0 333.0 355.0 360.0 4.0 18.0 36.0 40.0 45.0 49.0 50.0 54.0 50.0 50.0 51.0 45.0 45.0 27.0 45.0 57.0 45.0 57.0 62.0 72.0 72.0 62.0 63.0 65.0 62.0 68.0 77.0 82.0 83.0 84.0 88.0 88.0 84.0 82.0 90.0 101.0 96.0 54.0 59.0 61.0 45.0 24.0 29.0 45.0 45.0 45.0 29.0 22.0 22.0 34.0 45.0 37.0 27.0 16.0 17.0 40.0 51.0 49.0 40.0 27.0 22.0 23.0 31.0 45.0 39.0 25.0 27.0 35.0 32.0
-9999.0 263.0 271.0 274.0 274.0 276.0 273.0 279.0 308.0 326.0 349.0 360.0 360.0 18.0 36.0 33.0 37.0 41.0 45.0 49.0 45.0 50.0 50.0 45.0 45.0 27.0 45.0 55.0 50.0 73.0 84.0 85.0 77.0 72.0 72.0 68.0 65.0 70.0 76.0 79.0 81.0 87.0 93.0 96.0 92.0 88.0 93.0 106.0 145.0 92.0 77.0 69.0 42.0 32.0 38.0 45.0 45.0 45.0 27.0 18.0 22.0 31.0 45.0 36.0 27.0 18.0 21.0 49.0 52.0 43.0 32.0 23.0 20.0 26.0 37.0 51.0 50.0 27.0 18.0 10.0 22.0
-9999.0 267.0 272.0 276.0 277.0 276.0 280.0 288.0 300.0 315.0 339.0 356.0 4.0 28.0 35.0 36.0 49.0 49.0 53.0 57.0 51.0 50.0 49.0 45.0 45.0 22.0 42.0 67.0 84.0 93.0 90.0 84.0 75.0 72.0 69.0 65.0 62.0 68.0 72.0 74.0 77.0 82.0 85.0 88.0 88.0 83.0 76.0 58.0 15.0 26.0 61.0 59.0 45.0 45.0 45.0 45.0 45.0 45.0 27.0 6.0 15.0 27.0 35.0 31.0 27.0 25.0 28.0 41.0 42.0 35.0 27.0 22.0 26.0 34.0 45.0 56.0 53.0 9.0 4.0 360.0 25.0
-9999.0 277.0 276.0 274.0 277.0 281.0 285.0 292.0 297.0 304.0 323.0 346.0 14.0 38.0 45.0 58.0 65.0 65.0 69.0 68.0 56.0 56.0 55.0 50.0 51.0 21.0 52.0 78.0 85.0 76.0 56.0 52.0 59.0 58.0 56.0 55.0 54.0 63.0 68.0 68.0 69.0 72.0 74.0 74.0 70.0 67.0 62.0 45.0 31.0 39.0 45.0 45.0 40.0 34.0 34.0 34.0 34.0 34.0 18.0 360.0 9.0 27.0 34.0 34.0 28.0 25.0 27.0 28.0 31.0 30.0 23.0 21.0 26.0 33.0 41.0 47.0 41.0 11.0 4.0 9.0 32.0
-9999.0 281.0 281.0 276.0 274.0 278.0 281.0 283.0 284.0 291.0 315.0 349.0 27.0 56.0 68.0 66.0 62.0 63.0 63.0 63.0 56.0 56.0 56.0 56.0 56.0 35.0 70.0 73.0 50.0 29.0 29.0 40.0 40.0 35.0 41.0 45.0 49.0 63.0 70.0 67.0 64.0 63.0 63.0 60.0 58.0 63.0 61.0 56.0 49.0 41.0 32.0 33.0 30.0 22.0 22.0 22.0 22.0 22.0 15.0 7.0 13.0 27.0 34.0 34.0 27.0 21.0 21.0 20.0 27.0 24.0 15.0 12.0 17.0 27.0 37.0 45.0 43.0 31.0 35.0 40.0 21.0
-9999.0 268.0 270.0 270.0 270.0 272.0 278.0 283.0 284.0 286.0 306.0 360.0 31.0 56.0 61.0 52.0 56.0 63.0 63.0 63.0 62.0 63.0 58.0 56.0 56.0 45.0 63.0 60.0 39.0 27.0 27.0 35.0 31.0 27.0 37.0 45.0 49.0 63.0 68.0 65.0 63.0 62.0 59.0 57.0 58.0 63.0 58.0 49.0 37.0 30.0 30.0 29.0 25.0 22.0 22.0 22.0 22.0 22.0 20.0 21.0 21.0 27.0 34.0 34.0 27.0 13.0 11.0 16.0 25.0 22.0 5.0 360.0 6.0 27.0 45.0 51.0 47.0 45.0 53.0 42.0 342.0
-9999.0 254.0 252.0 254.0 255.0 259.0 263.0 270.0 280.0 283.0 284.0 3.0 66.0 59.0 63.0 63.0 72.0 76.0 76.0 72.0 67.0 63.0 52.0 51.0 45.0 34.0 45.0 45.0 28.0 18.0 21.0 27.0 27.0 31.0 45.0 53.0 53.0 63.0 69.0 69.0 70.0 68.0 67.0 66.0 65.0 62.0 51.0 45.0 37.0 32.0 37.0 32.0 27.0 27.0 27.0 27.0 27.0 31.0 35.0 34.0 32.0 38.0 45.0 45.0 29.0 5.0 9.0 18.0 28.0 25.0 360.0 344.0 354.0 40.0 60.0 60.0 53.0 50.0 48.0 36.0 346.0
-9999.0 230.0 235.0 243.0 243.0 247.0 250.0 253.0 255.0 257.0 252.0 202.0 79.0 62.0 67.0 63.0 72.0 76.0 76.0 74.0 69.0 63.0 53.0 45.0 39.0 34.0 36.0 29.0 17.0 15.0 22.0 27.0 31.0 40.0 49.0 57.0 62.0 72.0 76.0 76.0 77.0 77.0 76.0 73.0 68.0 63.0 51.0 45.0 41.0 40.0 40.0 27.0 20.0 25.0 28.0 27.0 31.0 40.0 45.0 45.0 52.0 61.0 63.0 54.0 39.0 23.0 8.0 21.0 29.0 24.0 5.0 333.0 333.0 80.0 78.0 67.0 55.0 49.0 45.0 38.0 20.0
-9999.0 213.0 234.0 241.0 245.0 250.0 252.0 252.0 248.0 245.0 238.0 225.0 180.0 69.0 59.0 63.0 72.0 76.0 76.0 74.0 72.0 72.0 54.0 36.0 38.0 32.0 23.0 18.0 20.0 18.0 20.0 25.0 37.0 45.0 49.0 60.0 65.0 72.0 76.0 78.0 82.0 82.0 77.0 69.0 64.0 60.0 51.0 49.0 49.0 40.0 31.0 16.0 15.0 30.0 33.0 31.0 40.0 45.0 50.0 51.0 58.0 66.0 63.0 56.0 51.0 68.0 270.0 326.0 14.0 22.0 18.0 360.0 72.0 94.0 80.0 65.0 54.0 50.0 45.0 42.0 42.0
-9999.0 219.0 243.0 247.0 248.0 249.0 249.0 250.0 248.0 248.0 247.0 233.0 211.0 135.0 121.0 117.0 108.0 104.0 104.0 103.0 95.0 82.0 51.0 32.0 27.0 18.0 11.0 10.0 20.0 13.0 12.0 26.0 36.0 38.0 45.0 58.0 62.0 70.0 76.0 77.0 76.0 72.0 69.0 68.0 66.0 61.0 51.0 52.0 53.0 40.0 28.0 16.0 21.0 40.0 36.0 36.0 41.0 41.0 49.0 50.0 50.0 50.0 45.0 45.0 35.0 58.0 83.0 245.0 270.0 27.0 34.0 31.0 56.0 69.0 70.0 63.0 56.0 53.0 50.0 48.0 48.0
-9999.0 232.0 248.0 249.0 248.0 248.0 250.0 249.0 243.0 248.0 243.0 214.0 211.0 149.0 135.0 135.0 130.0 121.0 115.0 114.0 108.0 94.0 67.0 23.0 4.0 360.0 360.0 360.0 10.0 9.0 9.0 27.0 34.0 34.0 40.0 50.0 56.0 64.0 69.0 66.0 63.0 63.0 63.0 64.0 63.0 59.0 54.0 55.0 52.0 40.0 21.0 16.0 28.0 35.0 36.0 41.0 41.0 41.0 45.0 45.0 45.0 45.0 40.0 34.0 24.0 46.0 60.0 199.0 216.0 225.0 45.0 45.0 56.0 72.0 75.0 72.0 67.0 61.0 54.0 45.0 40.0
