data/output/elevation_zonal max.txt
ncols         180
nrows         180
xllcorner     0.0
yllcorner     0.0
cellsize      20.0
NODATA_value  -9999.0
[rows 78 to 103 of 180, columns 0 to 58 of 180]
991.2096000000001 990.2952 989.3808000000001 986.6376 985.7232000000001 984.8088 983.8944000000001 982.98 982.0656000000001 981.1512 980.2368000000001 979.3224 978.4080000000001 977.4936 975.6648 973.836 972.0072 971.0928000000001 970.1784 0.0 0.0 0.0 0.0 0.0 0.0 0.0 0.0 0.0 0.0 945.4896000000001 942.7464 940.0032000000001 937.26 934.5168000000001 930.8592000000001 928.116 925.3728000000001 922.6296 919.8864000000001 917.1432 914.4000000000001 911.6568 907.9992 905.2560000000001 904.3416 902.5128 901.5984000000001 898.8552 897.0264 895.1976 893.3688 891.54 888.7968000000001 887.8824 886.0536 0.0 0.0 0.0 0.0
990.2952 990.2952 988.4664 986.6376 984.8088 983.8944000000001 982.98 982.0656000000001 981.1512 980.2368000000001 979.3224 978.4080000000001 977.4936 976.5792000000001 974.7504000000001 972.9216000000001 971.0928000000001 970.1784 969.2640000000001 0.0 0.0 0.0 0.0 0.0 0.0 0.0 0.0 0.0 0.0 947.3184000000001 944.5752 941.8320000000001 939.0888 936.3456000000001 933.6024 930.8592000000001 928.116 925.3728000000001 923.5440000000001 920.8008 918.0576000000001 915.3144 911.6568 907.9992 906.1704 905.2560000000001 904.3416 901.5984000000001 899.7696000000001 897.9408000000001 896.1120000000001 893.3688 891.54 889.7112 887.8824 886.0536 0.0 0.0 0.0
990.2952 989.3808000000001 988.4664 986.6376 985.7232000000001 984.8088 983.8944000000001 982.98 982.0656000000001 981.1512 980.2368000000001 979.3224 978.4080000000001 977.4936 975.6648 972.9216000000001 971.0928000000001 970.1784 969.2640000000001 968.3496 0.0 0.0 0.0 0.0 0.0 0.0 0.0 0.0 0.0 949.1472000000001 947.3184000000001 944.5752 942.7464 940.0032000000001 937.26 934.5168000000001 931.7736 929.0304000000001 927.2016000000001 925.3728000000001 923.5440000000001 919.8864000000001 916.2288000000001 912.5712000000001 910.7424000000001 907.9992 906.1704 904.3416 902.5128 900.684 898.8552 896.1120000000001 894.2832000000001 892.4544000000001 889.7112 887.8824 886.0536 884.2248 0.0
990.2952 990.2952 989.3808000000001 987.5520000000001 986.6376 985.7232000000001 984.8088 983.8944000000001 982.98 982.0656000000001 981.1512 980.2368000000001 979.3224 978.4080000000001 975.6648 973.836 972.0072 971.0928000000001 970.1784 969.2640000000001 0.0 0.0 0.0 0.0 0.0 0.0 0.0 0.0 0.0 951.8904 950.0616 948.2328 945.4896000000001 943.6608000000001 940.9176 938.1744000000001 935.4312 933.6024 931.7736 930.8592000000001 928.116 925.3728000000001 921.7152000000001 918.0576000000001 914.4000000000001 911.6568 908.9136000000001 907.0848000000001 905.2560000000001 903.4272000000001 901.5984000000001 899.7696000000001 897.0264 894.2832000000001 891.54 889.7112 887.8824 886.0536 0.0
991.2096000000001 990.2952 989.3808000000001 988.4664 987.5520000000001 986.6376 986.6376 985.7232000000001 984.8088 982.98 982.0656000000001 981.1512 980.2368000000001 979.3224 976.5792000000001 974.7504000000001 972.9216000000001 971.0928000000001 971.0928000000001 970.1784 968.3496 0.0 0.0 0.0 0.0 0.0 0.0 0.0 0.0 0.0 952.8048000000001 950.9760000000001 949.1472000000001 946.404 944.5752 941.8320000000001 940.0032000000001 937.26 936.3456000000001 934.5168000000001 933.6024 929.9448 926.2872 922.6296 918.972 915.3144 911.6568 909.828 908.9136000000001 907.0848000000001 904.3416 902.5128 899.7696000000001 896.1120000000001 893.3688 890.6256000000001 888.7968000000001 0.0 0.0
992.124 991.2096000000001 990.2952 989.3808000000001 988.4664 988.4664 987.5520000000001 987.5520000000001 985.7232000000001 984.8088 982.98 982.0656000000001 981.1512 980.2368000000001 977.4936 975.6648 972.9216000000001 972.0072 972.0072 971.0928000000001 970.1784 0.0 0.0 0.0 0.0 0.0 0.0 0.0 0.0 0.0 0.0 953.7192 951.8904 950.0616 948.2328 945.4896000000001 943.6608000000001 941.8320000000001 940.0032000000001 938.1744000000001 936.3456000000001 933.6024 929.9448 926.2872 922.6296 918.972 915.3144 913.4856 911.6568 909.828 907.0848000000001 904.3416 901.5984000000001 898.8552 895.1976 892.4544000000001 0.0 0.0 0.0
993.0384000000001 993.0384000000001 992.124 991.2096000000001 990.2952 989.3808000000001 989.3808000000001 989.3808000000001 987.5520000000001 985.7232000000001 984.8088 982.98 982.0656000000001 981.1512 978.4080000000001 976.5792000000001 973.836 972.9216000000001 972.9216000000001 972.9216000000001 972.0072 0.0 0.0 0.0 0.0 0.0 0.0 0.0 0.0 0.0 0.0 0.0 955.548 953.7192 951.8904 950.0616 947.3184000000001 945.4896000000001 943.6608000000001 940.9176 939.0888 936.3456000000001 933.6024 930.8592000000001 927.2016000000001 923.5440000000001 919.8864000000001 917.1432 915.3144 913.4856 910.7424000000001 907.0848000000001 903.4272000000001 900.684 897.0264 596.1888 594.36 592.5312 0.0
994.8672000000001 994.8672000000001 993.9528 993.0384000000001 992.124 991.2096000000001 991.2096000000001 991.2096000000001 989.3808000000001 987.5520000000001 985.7232000000001 984.8088 983.8944000000001 982.0656000000001 980.2368000000001 977.4936 975.6648 974.7504000000001 974.7504000000001 973.836 973.836 972.9216000000001 0.0 0.0 0.0 0.0 0.0 0.0 0.0 0.0 0.0 0.0 0.0 957.3768 955.548 953.7192 951.8904 949.1472000000001 947.3184000000001 943.6608000000001 941.8320000000001 939.0888 937.26 934.5168000000001 930.8592000000001 927.2016000000001 923.5440000000001 921.7152000000001 918.972 917.1432 913.4856 909.828 907.0848000000001 903.4272000000001 900.684 598.6272 596.1888 594.36 593.1408
996.6960000000001 995.7816 995.7816 994.8672000000001 993.9528 993.9528 993.9528 993.0384000000001 992.124 990.2952 988.4664 987.5520000000001 985.7232000000001 984.8088 982.98 980.2368000000001 978.4080000000001 977.4936 976.5792000000001 976.5792000000001 975.6648 975.6648 0.0 0.0 0.0 0.0 0.0 0.0 0.0 0.0 0.0 0.0 0.0 0.0 959.2056 957.3768 955.548 952.8048000000001 950.0616 947.3184000000001 944.5752 941.8320000000001 940.0032000000001 937.26 933.6024 929.9448 927.2016000000001 925.3728000000001 923.5440000000001 920.8008 918.972 916.2288000000001 913.4856 910.7424000000001 907.9992 905.2560000000001 601.0656 598.6272 596.7984
997.6104 997.6104 997.6104 996.6960000000001 996.6960000000001 996.6960000000001 996.6960000000001 995.7816 994.8672000000001 993.0384000000001 992.124 990.2952 989.3808000000001 987.5520000000001 985.7232000000001 983.8944000000001 982.0656000000001 981.1512 980.2368000000001 979.3224 978.4080000000001 0.0 0.0 0.0 0.0 0.0 0.0 0.0 0.0 0.0 0.0 0.0 0.0 0.0 0.0 0.0 0.0 0.0 953.7192 950.9760000000001 948.2328 945.4896000000001 942.7464 940.0032000000001 936.3456000000001 932.6880000000001 929.9448 928.116 927.2016000000001 926.2872 924.4584 922.6296 920.8008 918.0576000000001 916.2288000000001 914.4000000000001 607.1616 604.1136 601.6752
998.5248000000001 998.5248000000001 998.5248000000001 999.4392 999.4392 998.5248000000001 998.5248000000001 998.5248000000001 996.6960000000001 995.7816 994.8672000000001 993.0384000000001 992.124 990.2952 988.4664 987.5520000000001 985.7232000000001 983.8944000000001 982.98 982.0656000000001 982.0656000000001 0.0 0.0 0.0 979.3224 977.4936 975.6648 0.0 0.0 0.0 0.0 0.0 0.0 0.0 0.0 0.0 0.0 0.0 0.0 0.0 951.8904 948.2328 945.4896000000001 941.8320000000001 939.0888 935.4312 932.6880000000001 931.7736 930.8592000000001 929.9448 929.0304000000001 928.116 926.2872 925.3728000000001 923.5440000000001 921.7152000000001 918.0576000000001 608.9904 606.552
998.5248000000001 998.5248000000001 999.4392 1000.3535999999999 1001.2679999999999 1001.2679999999999 1000.3535999999999 1000.3535999999999 999.4392 997.6104 996.6960000000001 995.7816 993.9528 993.0384000000001 991.2096000000001 990.2952 989.3808000000001 987.5520000000001 986.6376 984.8088 984.8088 985.7232000000001 0.0 983.8944000000001 982.0656000000001 980.2368000000001 978.4080000000001 0.0 0.0 0.0 0.0 0.0 0.0 0.0 0.0 0.0 0.0 0.0 0.0 0.0 954.6336000000001 950.9760000000001 947.3184000000001 944.5752 940.9176 938.1744000000001 935.4312 933.6024 932.6880000000001 931.7736 930.8592000000001 929.0304000000001 928.116 927.2016000000001 926.2872 924.4584 920.8008 917.1432 608.9904
997.6104 997.6104 999.4392 1001.2679999999999 1003.0967999999999 1003.0967999999999 1002.1823999999999 1002.1823999999999 1001.2679999999999 1000.3535999999999 999.4392 997.6104 996.6960000000001 995.7816 994.8672000000001 993.9528 993.0384000000001 991.2096000000001 990.2952 988.4664 988.4664 988.4664 988.4664 986.6376 984.8088 982.98 981.1512 0.0 0.0 0.0 0.0 0.0 0.0 0.0 0.0 0.0 0.0 0.0 0.0 960.1200000000001 956.4624000000001 953.7192 950.0616 946.404 943.6608000000001 940.0032000000001 936.3456000000001 935.4312 933.6024 931.7736 930.8592000000001 929.9448 928.116 927.2016000000001 926.2872 925.3728000000001 922.6296 919.8864000000001 917.1432
997.1532000000001 997.6104 999.4392 1002.1823999999999 1004.9255999999999 1004.9255999999999 1004.0111999999999 1004.0111999999999 1003.0967999999999 1002.1823999999999 1001.2679999999999 1000.3535999999999 998.5248000000001 997.6104 996.6960000000001 996.6960000000001 995.7816 994.8672000000001 993.0384000000001 992.124 992.124 991.2096000000001 991.2096000000001 989.3808000000001 987.5520000000001 985.7232000000001 983.8944000000001 0.0 0.0 0.0 0.0 0.0 0.0 0.0 0.0 0.0 0.0 0.0 0.0 961.9488000000001 959.2056 955.548 951.8904 949.1472000000001 945.4896000000001 941.8320000000001 938.1744000000001 936.3456000000001 934.5168000000001 932.6880000000001 930.8592000000001 929.9448 928.116 928.116 927.2016000000001 926.2872 924.4584 922.6296 920.8008
996.6960000000001 996.6960000000001 998.5248000000001 1002.1823999999999 1004.0111999999999 1004.9255999999999 1004.9255999999999 1004.9255999999999 1004.0111999999999 1003.0967999999999 1003.0967999999999 1002.1823999999999 1001.2679999999999 1000.3535999999999 999.4392 998.5248000000001 997.6104 996.6960000000001 994.8672000000001 993.9528 993.0384000000001 993.0384000000001 992.124 991.2096000000001 989.3808000000001 987.5520000000001 986.6376 984.8088 0.0 0.0 0.0 0.0 0.0 0.0 0.0 0.0 0.0 0.0 0.0 0.0 0.0 0.0 953.7192 950.0616 946.404 942.7464 940.0032000000001 937.26 935.4312 0.0 0.0 0.0 0.0 0.0 927.2016000000001 926.7444 925.3728000000001 923.5440000000001 921.7152000000001
331.9272 331.9272 998.5248000000001 1000.3535999999999 1003.0967999999999 1004.0111999999999 1004.9255999999999 1004.9255999999999 1004.9255999999999 1004.9255999999999 1004.0111999999999 1004.0111999999999 1003.0967999999999 0.0 0.0 0.0 0.0 998.5248000000001 996.6960000000001 994.8672000000001 993.9528 993.9528 993.0384000000001 991.2096000000001 990.2952 989.3808000000001 988.4664 987.5520000000001 0.0 0.0 0.0 0.0 0.0 0.0 0.0 0.0 0.0 0.0 0.0 0.0 0.0 0.0 0.0 0.0 0.0 0.0 0.0 0.0 0.0 0.0 0.0 0.0 0.0 0.0 0.0 0.0 926.2872 924.4584 923.5440000000001
331.6224 331.6224 332.5368 999.4392 1002.1823999999999 1004.0111999999999 1004.9255999999999 1005.8399999999999 1005.8399999999999 1005.8399999999999 1005.8399999999999 0.0 0.0 0.0 0.0 0.0 0.0 0.0 0.0 996.6960000000001 995.7816 993.9528 993.0384000000001 992.124 991.2096000000001 991.2096000000001 990.2952 989.3808000000001 988.4664 986.6376 0.0 0.0 0.0 0.0 0.0 0.0 0.0 0.0 0.0 0.0 0.0 0.0 0.0 0.0 0.0 0.0 0.0 0.0 0.0 0.0 0.0 0.0 0.0 0.0 0.0 0.0 0.0 925.3728000000001 924.4584
331.3176 331.3176 332.232 666.2928 1001.2679999999999 1003.0967999999999 1004.9255999999999 1005.8399999999999 1006.7543999999999 1006.7543999999999 0.0 0.0 0.0 0.0 0.0 0.0 0.0 0.0 0.0 0.0 0.0 994.8672000000001 993.9528 993.0384000000001 992.124 992.124 991.2096000000001 990.2952 989.3808000000001 988.4664 0.0 0.0 0.0 0.0 0.0 0.0 0.0 0.0 0.0 0.0 0.0 0.0 0.0 0.0 0.0 0.0 0.0 0.0 0.0 0.0 0.0 0.0 0.0 0.0 0.0 0.0 0.0 0.0 925.3728000000001
331.0128 331.0128 331.9272 665.6832 667.512 1003.0967999999999 1004.9255999999999 1006.7543999999999 1007.6687999999999 1007.6687999999999 1007.6687999999999 0.0 0.0 0.0 1005.8399999999999 1004.9255999999999 1004.0111999999999 0.0 0.0 0.0 0.0 0.0 994.8672000000001 993.9528 993.0384000000001 992.124 992.124 991.2096000000001 990.2952 989.3808000000001 0.0 0.0 0.0 0.0 0.0 0.0 0.0 0.0 0.0 0.0 0.0 0.0 0.0 0.0 0.0 0.0 0.0 0.0 0.0 0.0 0.0 0.0 0.0 0.0 0.0 0.0 0.0 0.0 0.0
330.708 330.8604 331.6224 332.5368 667.512 668.7312 1005.8399999999999 1007.6687999999999 1007.6687999999999 1008.5831999999999 1008.5831999999999 1008.5831999999999 1008.5831999999999 1008.5831999999999 1007.6687999999999 1005.8399999999999 1004.9255999999999 1003.0967999999999 0.0 0.0 0.0 0.0 995.7816 994.8672000000001 993.9528 993.0384000000001 993.0384000000001 991.2096000000001 991.2096000000001 990.2952 0.0 0.0 0.0 0.0 0.0 0.0 0.0 0.0 0.0 0.0 0.0 0.0 0.0 0.0 0.0 0.0 0.0 0.0 0.0 0.0 0.0 0.0 0.0 0.0 0.0 0.0 0.0 0.0 0.0
330.6471 330.708 331.6224 332.5368 667.512 669.3408 670.56 1007.6687999999999 1008.5831999999999 1009.4975999999999 1010.4119999999999 1010.4119999999999 1010.4119999999999 1010.4119999999999 1009.4975999999999 1007.6687999999999 1006.7543999999999 0.0 0.0 0.0 0.0 0.0 0.0 995.7816 994.8672000000001 993.9528 993.9528 992.124 991.6668000000001 990.7524000000001 989.3808000000001 0.0 0.0 0.0 0.0 0.0 0.0 0.0 0.0 0.0 0.0 0.0 0.0 0.0 0.0 0.0 0.0 0.0 0.0 0.0 0.0 0.0 0.0 0.0 0.0 0.0 0.0 0.0 0.0
330.5556 330.708 331.6224 332.8416 333.756 669.3408 670.56 671.7792 672.9984 674.2176 674.8272 1012.2407999999999 1012.2407999999999 1012.2407999999999 1010.4119999999999 1010.4119999999999 1008.5831999999999 1006.7543999999999 0.0 0.0 0.0 0.0 0.0 996.6960000000001 995.7816 994.8672000000001 994.8672000000001 993.0384000000001 992.124 991.2096000000001 989.3808000000001 988.4664 0.0 0.0 0.0 0.0 0.0 0.0 0.0 0.0 0.0 0.0 0.0 0.0 0.0 0.0 0.0 0.0 0.0 0.0 0.0 0.0 0.0 0.0 0.0 0.0 0.0 0.0 0.0
330.4032 330.708 331.6224 332.8416 668.1216 669.3408 671.1696 672.3888 673.608 674.8272 675.4368 676.0464 1014.0695999999999 1013.1551999999999 1012.2407999999999 1011.3263999999999 1009.4975999999999 1007.6687999999999 0.0 0.0 0.0 0.0 0.0 998.5248000000001 996.6960000000001 995.7816 996.2388000000001 993.9528 991.2096000000001 990.7524000000001 989.3808000000001 988.4664 0.0 0.0 0.0 0.0 0.0 0.0 0.0 0.0 0.0 0.0 0.0 0.0 0.0 0.0 0.0 0.0 0.0 0.0 0.0 0.0 0.0 0.0 0.0 0.0 0.0 0.0 0.0
330.2508 331.0128 331.9272 665.6832 668.1216 669.9504 671.1696 672.9984 674.2176 675.4368 676.0464 676.0464 1014.0695999999999 1014.0695999999999 1013.1551999999999 1011.3263999999999 1010.4119999999999 1008.5831999999999 1006.7543999999999 0.0 0.0 0.0 0.0 0.0 997.6104 996.6960000000001 996.6960000000001 993.9528 992.124 991.2096000000001 0.0 0.0 0.0 0.0 0.0 0.0 0.0 0.0 0.0 0.0 0.0 0.0 0.0 0.0 0.0 0.0 0.0 0.0 0.0 0.0 0.0 0.0 0.0 0.0 0.0 0.0 0.0 0.0 0.0
330.0984 331.3176 331.9272 666.2928 668.1216 669.9504 671.7792 672.9984 674.2176 675.4368 676.656 676.656 1014.9839999999999 1014.0695999999999 1013.1551999999999 1012.2407999999999 1011.3263999999999 1009.4975999999999 1007.6687999999999 1005.8399999999999 0.0 0.0 0.0 0.0 998.5248000000001 997.6104 996.6960000000001 0.0 0.0 0.0 0.0 0.0 0.0 0.0 0.0 0.0 0.0 0.0 0.0 0.0 0.0 0.0 0.0 0.0 0.0 0.0 0.0 0.0 0.0 0.0 0.0 0.0 0.0 0.0 0.0 0.0 0.0 0.0 0.0
329.946 331.0128 331.9272 665.6832 668.1216 669.9504 671.7792 673.608 674.8272 676.0464 676.656 677.2656 676.656 1014.9839999999999 1014.0695999999999 1013.1551999999999 1012.2407999999999 1010.4119999999999 1008.5831999999999 1006.7543999999999 1004.9255999999999 0.0 0.0 0.0 999.4392 0.0 0.0 0.0 0.0 0.0 0.0 0.0 0.0 0.0 0.0 0.0 0.0 0.0 0.0 0.0 0.0 0.0 0.0 0.0 0.0 0.0 0.0 0.0 0.0 0.0 0.0 0.0 0.0 0.0 0.0 0.0 0.0 0.0 936.3456000000001
