data/output/elevation_aspect.txt
ncols         180
nrows         180
xllcorner     0.0
yllcorner     0.0
cellsize      20.0
NODATA_value  -9999.0
[rows 108 to 143 of 180, columns 81 to 161 of 180]
23.0 344.0 313.0 306.0 305.0 298.0 276.0 261.0 261.0 270.0 288.0 301.0 288.0 117.0 135.0 138.0 120.0 102.0 88.0 77.0 73.0 75.0 74.0 65.0 57.0 59.0 62.0 67.0 74.0 77.0 77.0 76.0 73.0 69.0 72.0 74.0 75.0 73.0 67.0 61.0 62.0 64.0 62.0 57.0 54.0 55.0 56.0 60.0 68.0 72.0 190.0 214.0 212.0 209.0 207.0 204.0 199.0 198.0 201.0 203.0 200.0 192.0 187.0 187.0 192.0 198.0 198.0 191.0 181.0 179.0 182.0 185.0 182.0 179.0 175.0 167.0 161.0 153.0 146.0 127.0 103.0
14.0 342.0 319.0 308.0 306.0 305.0 291.0 280.0 273.0 270.0 270.0 270.0 270.0 104.0 114.0 123.0 119.0 106.0 93.0 85.0 82.0 83.0 82.0 77.0 76.0 82.0 92.0 107.0 115.0 114.0 114.0 114.0 110.0 100.0 90.0 84.0 80.0 76.0 70.0 65.0 66.0 67.0 64.0 58.0 53.0 52.0 51.0 53.0 55.0 49.0 37.0 56.0 199.0 207.0 207.0 202.0 197.0 197.0 202.0 205.0 202.0 193.0 186.0 186.0 195.0 203.0 204.0 195.0 186.0 184.0 186.0 188.0 186.0 185.0 185.0 182.0 174.0 165.0 157.0 141.0 122.0
2.0 342.0 327.0 315.0 311.0 315.0 304.0 295.0 284.0 270.0 252.0 239.0 252.0 99.0 106.0 113.0 116.0 114.0 107.0 99.0 94.0 90.0 86.0 87.0 93.0 101.0 112.0 124.0 133.0 137.0 138.0 142.0 143.0 137.0 120.0 103.0 88.0 77.0 72.0 70.0 71.0 70.0 64.0 56.0 50.0 48.0 47.0 47.0 48.0 42.0 38.0 46.0 62.0 206.0 202.0 200.0 197.0 196.0 204.0 210.0 205.0 195.0 189.0 191.0 201.0 209.0 208.0 197.0 189.0 187.0 187.0 187.0 185.0 187.0 190.0 189.0 183.0 179.0 173.0 153.0 137.0
350.0 344.0 338.0 329.0 324.0 326.0 315.0 304.0 288.0 265.0 234.0 234.0 211.0 117.0 113.0 120.0 125.0 124.0 116.0 106.0 100.0 98.0 98.0 101.0 105.0 106.0 112.0 122.0 132.0 138.0 140.0 146.0 153.0 150.0 138.0 117.0 90.0 74.0 72.0 71.0 72.0 69.0 62.0 55.0 50.0 47.0 46.0 47.0 48.0 44.0 44.0 50.0 53.0 61.0 146.0 180.0 187.0 189.0 200.0 205.0 202.0 197.0 195.0 197.0 202.0 206.0 202.0 195.0 191.0 188.0 185.0 183.0 182.0 188.0 194.0 194.0 192.0 191.0 187.0 164.0 144.0
336.0 342.0 345.0 342.0 333.0 335.0 326.0 315.0 297.0 270.0 211.0 198.0 174.0 142.0 132.0 135.0 143.0 146.0 141.0 129.0 118.0 115.0 116.0 121.0 122.0 114.0 112.0 115.0 123.0 130.0 131.0 137.0 151.0 149.0 139.0 120.0 90.0 76.0 76.0 75.0 74.0 71.0 64.0 57.0 52.0 48.0 46.0 46.0 45.0 42.0 44.0 47.0 45.0 39.0 46.0 67.0 127.0 174.0 191.0 200.0 202.0 199.0 199.0 200.0 199.0 198.0 195.0 193.0 192.0 189.0 185.0 180.0 181.0 189.0 197.0 196.0 196.0 198.0 194.0 176.0 158.0
320.0 326.0 337.0 342.0 340.0 346.0 342.0 333.0 315.0 288.0 135.0 152.0 157.0 149.0 143.0 144.0 154.0 161.0 159.0 150.0 137.0 131.0 130.0 135.0 132.0 121.0 115.0 115.0 119.0 122.0 119.0 117.0 125.0 135.0 135.0 127.0 96.0 83.0 83.0 82.0 79.0 74.0 65.0 58.0 53.0 49.0 45.0 43.0 42.0 41.0 44.0 47.0 44.0 38.0 37.0 37.0 40.0 49.0 96.0 174.0 198.0 200.0 200.0 201.0 197.0 191.0 190.0 192.0 190.0 189.0 186.0 179.0 181.0 190.0 195.0 194.0 196.0 200.0 198.0 183.0 167.0
315.0 315.0 320.0 331.0 345.0 357.0 360.0 360.0 352.0 18.0 111.0 125.0 137.0 141.0 141.0 142.0 153.0 165.0 165.0 158.0 149.0 142.0 137.0 140.0 135.0 120.0 114.0 113.0 118.0 122.0 113.0 106.0 108.0 122.0 135.0 135.0 112.0 89.0 84.0 81.0 79.0 72.0 62.0 54.0 49.0 45.0 41.0 40.0 40.0 43.0 47.0 48.0 45.0 39.0 38.0 36.0 36.0 37.0 45.0 68.0 152.0 192.0 194.0 196.0 191.0 185.0 185.0 189.0 187.0 185.0 187.0 183.0 183.0 187.0 188.0 188.0 194.0 203.0 201.0 188.0 173.0
288.0 294.0 297.0 311.0 342.0 360.0 11.0 18.0 14.0 67.0 102.0 111.0 118.0 123.0 125.0 126.0 139.0 159.0 163.0 156.0 151.0 147.0 140.0 138.0 133.0 115.0 107.0 105.0 108.0 118.0 118.0 117.0 117.0 124.0 144.0 166.0 108.0 84.0 81.0 78.0 75.0 67.0 59.0 53.0 47.0 43.0 40.0 40.0 42.0 45.0 46.0 46.0 40.0 32.0 29.0 27.0 23.0 23.0 26.0 28.0 29.0 28.0 31.0 169.0 176.0 176.0 178.0 186.0 185.0 182.0 186.0 187.0 185.0 182.0 181.0 184.0 195.0 207.0 204.0 191.0 179.0
252.0 270.0 281.0 294.0 326.0 356.0 14.0 30.0 45.0 86.0 98.0 100.0 102.0 104.0 104.0 102.0 107.0 131.0 143.0 142.0 141.0 141.0 138.0 135.0 130.0 113.0 103.0 98.0 99.0 108.0 117.0 117.0 117.0 124.0 153.0 212.0 270.0 74.0 76.0 72.0 65.0 59.0 53.0 50.0 45.0 41.0 40.0 42.0 43.0 44.0 44.0 41.0 34.0 26.0 23.0 22.0 20.0 21.0 22.0 23.0 28.0 24.0 18.0 25.0 37.0 65.0 113.0 162.0 176.0 174.0 180.0 184.0 186.0 180.0 175.0 182.0 198.0 209.0 204.0 191.0 183.0
249.0 267.0 277.0 283.0 304.0 345.0 13.0 40.0 63.0 87.0 95.0 96.0 97.0 96.0 95.0 95.0 99.0 115.0 131.0 138.0 141.0 141.0 138.0 135.0 129.0 113.0 103.0 96.0 92.0 92.0 103.0 112.0 115.0 114.0 135.0 234.0 262.0 77.0 78.0 72.0 66.0 61.0 53.0 48.0 45.0 42.0 42.0 44.0 44.0 44.0 42.0 38.0 31.0 24.0 23.0 23.0 24.0 25.0 25.0 27.0 32.0 29.0 24.0 30.0 39.0 53.0 69.0 96.0 135.0 152.0 167.0 177.0 180.0 178.0 172.0 180.0 195.0 200.0 197.0 188.0 184.0
239.0 249.0 252.0 253.0 256.0 259.0 45.0 75.0 82.0 90.0 96.0 97.0 96.0 95.0 95.0 97.0 102.0 111.0 119.0 129.0 138.0 141.0 138.0 135.0 129.0 113.0 98.0 89.0 78.0 64.0 62.0 65.0 60.0 58.0 54.0 252.0 218.0 135.0 107.0 104.0 97.0 90.0 82.0 73.0 66.0 61.0 59.0 58.0 54.0 50.0 44.0 37.0 32.0 25.0 24.0 26.0 27.0 27.0 27.0 28.0 30.0 28.0 25.0 29.0 34.0 41.0 48.0 58.0 72.0 90.0 118.0 156.0 164.0 166.0 165.0 175.0 186.0 189.0 189.0 185.0 184.0
228.0 230.0 233.0 238.0 236.0 212.0 186.0 128.0 103.0 100.0 99.0 95.0 91.0 91.0 94.0 95.0 98.0 107.0 114.0 119.0 124.0 131.0 135.0 135.0 128.0 114.0 94.0 74.0 55.0 42.0 40.0 35.0 32.0 36.0 32.0 45.0 146.0 147.0 128.0 128.0 128.0 125.0 120.0 114.0 106.0 98.0 88.0 77.0 66.0 56.0 45.0 37.0 32.0 25.0 24.0 25.0 27.0 28.0 26.0 27.0 28.0 27.0 26.0 28.0 32.0 38.0 45.0 47.0 49.0 58.0 65.0 76.0 106.0 127.0 141.0 155.0 172.0 180.0 182.0 180.0 178.0
225.0 227.0 232.0 237.0 231.0 211.0 193.0 146.0 121.0 112.0 103.0 96.0 95.0 95.0 96.0 99.0 104.0 111.0 116.0 122.0 124.0 124.0 131.0 135.0 131.0 120.0 96.0 66.0 48.0 40.0 37.0 35.0 37.0 40.0 45.0 66.0 96.0 126.0 128.0 129.0 133.0 137.0 135.0 126.0 120.0 113.0 101.0 84.0 64.0 45.0 34.0 27.0 22.0 18.0 18.0 22.0 26.0 26.0 25.0 27.0 27.0 28.0 29.0 30.0 35.0 43.0 49.0 49.0 48.0 51.0 53.0 58.0 83.0 108.0 124.0 135.0 154.0 171.0 176.0 171.0 166.0
223.0 223.0 225.0 225.0 216.0 203.0 191.0 163.0 138.0 127.0 117.0 109.0 105.0 101.0 99.0 101.0 106.0 111.0 110.0 116.0 124.0 121.0 124.0 127.0 127.0 126.0 114.0 86.0 69.0 62.0 57.0 60.0 63.0 63.0 74.0 92.0 110.0 118.0 122.0 122.0 126.0 135.0 138.0 132.0 129.0 121.0 108.0 72.0 38.0 18.0 13.0 9.0 8.0 10.0 11.0 17.0 22.0 22.0 23.0 26.0 26.0 29.0 31.0 33.0 39.0 45.0 49.0 46.0 41.0 41.0 40.0 45.0 56.0 63.0 76.0 90.0 107.0 135.0 148.0 146.0 144.0
215.0 215.0 218.0 216.0 208.0 201.0 193.0 173.0 150.0 140.0 129.0 117.0 111.0 105.0 101.0 99.0 101.0 106.0 106.0 108.0 115.0 117.0 118.0 117.0 115.0 114.0 117.0 112.0 106.0 104.0 104.0 101.0 101.0 101.0 100.0 104.0 112.0 117.0 117.0 116.0 116.0 122.0 129.0 132.0 135.0 126.0 106.0 1.0 358.0 355.0 353.0 355.0 360.0 3.0 5.0 13.0 18.0 20.0 23.0 25.0 26.0 29.0 33.0 36.0 41.0 45.0 49.0 46.0 39.0 38.0 37.0 41.0 47.0 48.0 52.0 56.0 45.0 42.0 65.0 85.0 85.0
181.0 198.0 217.0 213.0 207.0 202.0 196.0 178.0 158.0 147.0 133.0 119.0 114.0 110.0 106.0 103.0 103.0 106.0 106.0 108.0 112.0 112.0 117.0 115.0 111.0 112.0 117.0 112.0 106.0 104.0 106.0 107.0 107.0 108.0 106.0 106.0 109.0 114.0 116.0 114.0 115.0 119.0 123.0 128.0 135.0 123.0 351.0 313.0 327.0 336.0 336.0 343.0 352.0 356.0 0.0 11.0 19.0 22.0 25.0 26.0 28.0 32.0 36.0 40.0 43.0 47.0 49.0 44.0 37.0 38.0 40.0 45.0 51.0 50.0 48.0 48.0 41.0 40.0 50.0 55.0 51.0
153.0 190.0 220.0 215.0 206.0 202.0 197.0 181.0 166.0 156.0 137.0 125.0 120.0 117.0 114.0 110.0 108.0 110.0 110.0 111.0 112.0 112.0 117.0 118.0 117.0 121.0 126.0 108.0 94.0 90.0 90.0 90.0 90.0 90.0 90.0 90.0 93.0 99.0 104.0 102.0 105.0 108.0 108.0 112.0 121.0 101.0 299.0 295.0 304.0 311.0 314.0 324.0 338.0 346.0 354.0 10.0 22.0 26.0 29.0 30.0 32.0 37.0 41.0 44.0 45.0 46.0 44.0 40.0 37.0 40.0 45.0 50.0 53.0 50.0 45.0 45.0 42.0 37.0 37.0 38.0 33.0
129.0 187.0 224.0 208.0 201.0 206.0 194.0 185.0 177.0 166.0 140.0 127.0 126.0 125.0 121.0 117.0 117.0 116.0 112.0 113.0 112.0 112.0 115.0 117.0 117.0 119.0 121.0 98.0 90.0 86.0 76.0 70.0 68.0 70.0 76.0 79.0 81.0 83.0 84.0 88.0 90.0 88.0 83.0 76.0 60.0 10.0 294.0 286.0 288.0 292.0 292.0 297.0 312.0 326.0 340.0 6.0 25.0 30.0 32.0 33.0 35.0 40.0 44.0 45.0 44.0 42.0 39.0 38.0 41.0 45.0 50.0 52.0 52.0 49.0 43.0 40.0 37.0 30.0 27.0 27.0 22.0
98.0 207.0 225.0 201.0 205.0 212.0 198.0 189.0 189.0 180.0 143.0 126.0 127.0 130.0 128.0 123.0 123.0 121.0 117.0 117.0 117.0 115.0 118.0 116.0 108.0 101.0 112.0 112.0 87.0 77.0 69.0 63.0 63.0 69.0 76.0 79.0 78.0 76.0 76.0 81.0 82.0 77.0 72.0 63.0 37.0 360.0 300.0 284.0 283.0 285.0 287.0 290.0 300.0 310.0 323.0 359.0 26.0 30.0 32.0 35.0 38.0 43.0 46.0 46.0 44.0 41.0 41.0 42.0 47.0 51.0 54.0 53.0 51.0 47.0 38.0 36.0 33.0 24.0 20.0 18.0 14.0
97.0 207.0 301.0 336.0 269.0 231.0 209.0 190.0 194.0 187.0 155.0 133.0 130.0 133.0 133.0 131.0 130.0 130.0 129.0 125.0 125.0 127.0 135.0 132.0 120.0 95.0 81.0 84.0 83.0 75.0 72.0 74.0 75.0 73.0 74.0 74.0 72.0 69.0 65.0 63.0 63.0 61.0 67.0 63.0 29.0 360.0 306.0 288.0 287.0 286.0 288.0 294.0 301.0 304.0 310.0 348.0 28.0 32.0 36.0 41.0 43.0 48.0 51.0 52.0 50.0 49.0 51.0 54.0 59.0 60.0 58.0 53.0 49.0 42.0 31.0 29.0 25.0 16.0 14.0 14.0 10.0
94.0 343.0 287.0 273.0 270.0 231.0 203.0 186.0 190.0 185.0 162.0 142.0 138.0 138.0 139.0 139.0 140.0 140.0 141.0 135.0 132.0 135.0 145.0 152.0 155.0 152.0 99.0 77.0 86.0 84.0 75.0 74.0 74.0 72.0 70.0 67.0 62.0 56.0 53.0 53.0 53.0 55.0 63.0 62.0 31.0 360.0 299.0 287.0 288.0 290.0 292.0 296.0 302.0 302.0 301.0 331.0 28.0 32.0 39.0 46.0 49.0 54.0 59.0 61.0 60.0 61.0 64.0 67.0 69.0 67.0 60.0 52.0 48.0 37.0 26.0 24.0 18.0 11.0 12.0 12.0 7.0
105.0 160.0 183.0 187.0 175.0 180.0 180.0 180.0 183.0 180.0 161.0 144.0 141.0 142.0 143.0 143.0 144.0 146.0 146.0 144.0 138.0 139.0 152.0 165.0 180.0 191.0 153.0 83.0 67.0 72.0 79.0 72.0 65.0 65.0 63.0 60.0 55.0 51.0 51.0 51.0 51.0 55.0 61.0 56.0 29.0 6.0 297.0 287.0 287.0 288.0 290.0 293.0 298.0 301.0 294.0 311.0 10.0 20.0 38.0 50.0 55.0 60.0 64.0 65.0 66.0 67.0 70.0 72.0 70.0 66.0 59.0 51.0 45.0 33.0 22.0 21.0 14.0 9.0 10.0 9.0 6.0
144.0 158.0 164.0 169.0 168.0 173.0 172.0 174.0 178.0 172.0 158.0 144.0 139.0 139.0 140.0 140.0 143.0 146.0 147.0 148.0 146.0 147.0 164.0 180.0 203.0 212.0 180.0 165.0 76.0 70.0 68.0 61.0 62.0 58.0 55.0 53.0 50.0 49.0 49.0 47.0 47.0 50.0 50.0 38.0 22.0 12.0 312.0 293.0 288.0 281.0 279.0 279.0 281.0 283.0 279.0 285.0 329.0 6.0 51.0 65.0 68.0 70.0 72.0 72.0 71.0 72.0 74.0 73.0 70.0 66.0 58.0 48.0 40.0 28.0 17.0 15.0 10.0 6.0 6.0 6.0 4.0
152.0 155.0 163.0 163.0 163.0 167.0 165.0 168.0 170.0 164.0 153.0 144.0 137.0 135.0 135.0 135.0 140.0 147.0 148.0 149.0 150.0 152.0 176.0 198.0 209.0 207.0 188.0 202.0 162.0 90.0 63.0 45.0 51.0 50.0 49.0 45.0 40.0 41.0 42.0 42.0 42.0 42.0 39.0 30.0 24.0 20.0 325.0 291.0 284.0 277.0 271.0 266.0 261.0 259.0 266.0 270.0 270.0 270.0 90.0 88.0 84.0 82.0 82.0 81.0 79.0 79.0 78.0 75.0 72.0 68.0 57.0 44.0 36.0 23.0 11.0 10.0 7.0 4.0 3.0 3.0 2.0
147.0 150.0 163.0 163.0 162.0 165.0 167.0 160.0 159.0 160.0 150.0 145.0 140.0 135.0 135.0 135.0 138.0 145.0 149.0 150.0 152.0 153.0 180.0 210.0 219.0 216.0 211.0 225.0 207.0 96.0 79.0 45.0 45.0 45.0 41.0 34.0 34.0 38.0 41.0 42.0 42.0 40.0 37.0 32.0 31.0 29.0 346.0 299.0 286.0 277.0 270.0 264.0 259.0 257.0 261.0 259.0 241.0 180.0 110.0 99.0 94.0 90.0 87.0 85.0 83.0 81.0 79.0 76.0 72.0 65.0 52.0 38.0 28.0 16.0 7.0 3.0 2.0 2.0 1.0 1.0 360.0
143.0 143.0 158.0 163.0 162.0 166.0 169.0 159.0 156.0 156.0 148.0 146.0 144.0 138.0 132.0 132.0 138.0 145.0 150.0 153.0 152.0 153.0 184.0 220.0 220.0 212.0 209.0 207.0 194.0 162.0 135.0 90.0 90.0 84.0 63.0 45.0 45.0 48.0 50.0 49.0 47.0 41.0 38.0 35.0 35.0 30.0 358.0 323.0 306.0 290.0 277.0 267.0 258.0 249.0 243.0 225.0 198.0 173.0 130.0 113.0 108.0 103.0 97.0 93.0 89.0 85.0 81.0 75.0 66.0 57.0 41.0 26.0 17.0 9.0 2.0 358.0 358.0 360.0 359.0 359.0 358.0
146.0 145.0 152.0 159.0 162.0 164.0 165.0 162.0 159.0 155.0 149.0 147.0 144.0 138.0 132.0 129.0 135.0 143.0 146.0 150.0 136.0 138.0 192.0 215.0 210.0 207.0 205.0 201.0 189.0 185.0 194.0 162.0 135.0 135.0 135.0 106.0 77.0 62.0 59.0 54.0 47.0 43.0 39.0 35.0 33.0 23.0 360.0 337.0 324.0 306.0 288.0 274.0 257.0 239.0 227.0 207.0 186.0 175.0 149.0 130.0 122.0 113.0 106.0 101.0 96.0 91.0 85.0 74.0 61.0 46.0 28.0 15.0 8.0 3.0 358.0 355.0 356.0 358.0 358.0 358.0 357.0
142.0 145.0 148.0 153.0 162.0 165.0 164.0 162.0 156.0 155.0 153.0 151.0 148.0 138.0 135.0 125.0 122.0 131.0 130.0 135.0 107.0 110.0 186.0 200.0 209.0 214.0 208.0 203.0 198.0 191.0 202.0 180.0 126.0 122.0 135.0 103.0 77.0 63.0 59.0 49.0 45.0 45.0 40.0 33.0 25.0 16.0 360.0 344.0 335.0 315.0 294.0 276.0 255.0 233.0 218.0 198.0 181.0 175.0 151.0 134.0 127.0 117.0 108.0 103.0 96.0 90.0 82.0 69.0 51.0 33.0 17.0 6.0 1.0 357.0 353.0 352.0 355.0 357.0 356.0 356.0 355.0
127.0 131.0 138.0 144.0 153.0 167.0 167.0 162.0 158.0 156.0 154.0 150.0 154.0 150.0 143.0 122.0 118.0 139.0 141.0 137.0 113.0 114.0 165.0 156.0 211.0 217.0 204.0 207.0 212.0 207.0 214.0 198.0 135.0 108.0 111.0 90.0 75.0 63.0 52.0 50.0 49.0 45.0 40.0 28.0 18.0 13.0 360.0 347.0 343.0 321.0 294.0 272.0 248.0 225.0 210.0 191.0 178.0 172.0 146.0 130.0 126.0 116.0 107.0 101.0 93.0 82.0 69.0 50.0 31.0 18.0 5.0 358.0 356.0 352.0 350.0 351.0 354.0 355.0 355.0 354.0 352.0
118.0 120.0 124.0 132.0 142.0 160.0 163.0 160.0 162.0 158.0 160.0 153.0 149.0 153.0 152.0 130.0 123.0 152.0 170.0 158.0 131.0 122.0 180.0 117.0 175.0 206.0 204.0 217.0 225.0 225.0 214.0 198.0 180.0 117.0 51.0 38.0 34.0 38.0 56.0 66.0 56.0 45.0 42.0 28.0 17.0 14.0 360.0 348.0 349.0 329.0 297.0 270.0 242.0 215.0 200.0 187.0 173.0 164.0 141.0 127.0 123.0 115.0 106.0 98.0 88.0 72.0 55.0 31.0 15.0 7.0 357.0 353.0 351.0 350.0 348.0 349.0 352.0 352.0 352.0 351.0 350.0
115.0 118.0 122.0 126.0 138.0 152.0 154.0 157.0 160.0 155.0 162.0 162.0 146.0 149.0 149.0 129.0 118.0 143.0 168.0 164.0 155.0 149.0 175.0 138.0 143.0 202.0 213.0 222.0 225.0 225.0 216.0 211.0 225.0 225.0 351.0 350.0 2.0 27.0 54.0 61.0 52.0 45.0 40.0 24.0 17.0 17.0 360.0 351.0 357.0 344.0 315.0 276.0 243.0 207.0 184.0 177.0 168.0 156.0 137.0 124.0 118.0 112.0 104.0 95.0 81.0 58.0 39.0 16.0 1.0 358.0 352.0 348.0 347.0 347.0 347.0 347.0 349.0 350.0 349.0 347.0 346.0
107.0 105.0 108.0 114.0 124.0 139.0 139.0 144.0 148.0 144.0 158.0 162.0 149.0 151.0 144.0 120.0 107.0 66.0 31.0 30.0 38.0 32.0 335.0 29.0 66.0 191.0 193.0 225.0 241.0 234.0 225.0 225.0 225.0 225.0 243.0 281.0 315.0 54.0 65.0 54.0 45.0 45.0 31.0 21.0 23.0 18.0 4.0 356.0 360.0 355.0 346.0 315.0 270.0 180.0 153.0 153.0 153.0 146.0 130.0 117.0 109.0 104.0 96.0 83.0 60.0 33.0 22.0 3.0 350.0 350.0 348.0 343.0 344.0 345.0 345.0 345.0 346.0 347.0 346.0 343.0 342.0
99.0 93.0 92.0 96.0 101.0 111.0 118.0 124.0 128.0 127.0 157.0 157.0 135.0 126.0 122.0 115.0 45.0 353.0 11.0 16.0 19.0 1.0 336.0 17.0 43.0 31.0 39.0 242.0 247.0 238.0 236.0 236.0 225.0 225.0 225.0 225.0 207.0 142.0 98.0 81.0 59.0 54.0 23.0 27.0 29.0 15.0 9.0 360.0 360.0 360.0 5.0 360.0 360.0 90.0 113.0 119.0 124.0 126.0 118.0 107.0 101.0 95.0 83.0 66.0 34.0 11.0 5.0 352.0 344.0 345.0 344.0 340.0 342.0 343.0 343.0 344.0 344.0 344.0 343.0 340.0 338.0
96.0 98.0 96.0 92.0 90.0 94.0 101.0 111.0 127.0 131.0 141.0 158.0 151.0 146.0 106.0 82.0 321.0 325.0 1.0 34.0 22.0 360.0 339.0 16.0 45.0 40.0 37.0 50.0 235.0 231.0 236.0 236.0 225.0 225.0 225.0 225.0 217.0 162.0 98.0 96.0 73.0 45.0 8.0 27.0 27.0 6.0 5.0 360.0 360.0 360.0 15.0 18.0 23.0 63.0 84.0 95.0 101.0 106.0 108.0 106.0 101.0 90.0 69.0 45.0 12.0 355.0 351.0 342.0 340.0 340.0 339.0 338.0 340.0 340.0 340.0 341.0 342.0 341.0 341.0 338.0 335.0
114.0 108.0 99.0 92.0 90.0 90.0 90.0 90.0 90.0 90.0 101.0 135.0 157.0 168.0 105.0 360.0 291.0 279.0 338.0 71.0 27.0 360.0 4.0 27.0 55.0 56.0 50.0 47.0 14.0 223.0 230.0 235.0 225.0 225.0 225.0 225.0 225.0 198.0 103.0 106.0 90.0 20.0 345.0 23.0 27.0 360.0 360.0 360.0 360.0 8.0 34.0 23.0 36.0 66.0 75.0 86.0 90.0 93.0 97.0 96.0 90.0 77.0 49.0 27.0 358.0 340.0 337.0 333.0 331.0 333.0 332.0 332.0 334.0 335.0 335.0 336.0 336.0 336.0 337.0 334.0 331.0
127.0 114.0 103.0 97.0 93.0 90.0 86.0 77.0 70.0 74.0 86.0 90.0 96.0 129.0 90.0 318.0 289.0 245.0 194.0 112.0 22.0 360.0 23.0 32.0 39.0 53.0 49.0 39.0 50.0 123.0 236.0 240.0 225.0 225.0 225.0 225.0 225.0 204.0 120.0 108.0 243.0 301.0 311.0 9.0 23.0 360.0 360.0 360.0 8.0 31.0 31.0 8.0 45.0 69.0 72.0 79.0 87.0 87.0 83.0 79.0 72.0 53.0 27.0 8.0 344.0 329.0 327.0 327.0 324.0 325.0 326.0 326.0 327.0 328.0 328.0 330.0 330.0 330.0 331.0 330.0 326.0
